0.004
0 9
1 14
2 20
3 26
4 32
5 39
6 43
7 51
8 50
9 51
10 49
11 50
12 44
13 31
14 30
15 28
16 25
17 12
18 6
19 6
20 1
21 4
22 3
23 1
24 3
25 1
26 -3
27 0
28 -6
29 -10
30 -12
31 -14
32 -14
33 -18
34 -16
35 -10
36 -9
37 -13
38 -20
39 -22
40 -26
41 -34
42 -38
43 -33
44 -39
45 -34
46 -25
47 -13
48 -25
49 -73
50 -169
51 -318
52 -466
53 -588
54 -649
55 -651
56 -622
57 -585
58 -547
59 -524
60 -490
61 -452
62 -427
63 -399
64 -370
65 -356
66 -338
67 -324
68 -304
69 -273
70 -239
71 -211
72 -174
73 -134
74 -100
75 -68
76 -40
77 -28
78 -16
79 -6
80 -1
81 2
82 7
83 12
84 8
85 12
86 14
87 20
88 28
89 28
90 30
91 31
92 33
93 28
94 31
95 34
96 36
97 32
98 34
99 38
100 50
101 55
102 53
103 58
104 64
105 64
106 65
107 70
108 67
109 69
110 66
111 64
112 60
113 56
114 50
115 41
116 36
117 28
118 16
119 6
120 -6
121 -15
122 -29
123 -43
124 -51
125 -58
126 -72
127 -77
128 -86
129 -94
130 -100
131 -105
132 -106
133 -110
134 -112
135 -115
136 -115
137 -118
138 -115
139 -111
140 -116
141 -116
142 -121
143 -117
144 -118
145 -113
146 -115
147 -123
148 -123
149 -113
150 -116
151 -115
152 -116
153 -110
154 -112
155 -114
156 -112
157 -104
158 -106
159 -102
160 -113
161 -107
162 -100
163 -107
164 -102
165 -104
166 -101
167 -101
168 -100
169 -99
170 -103
171 -102
172 -104
173 -107
174 -104
175 -105
176 -103
177 -96
178 -96
179 -102
180 -97
181 -97
182 -97
183 -98
184 -98
185 -97
186 -96
187 -95
188 -94
189 -80
190 -75
191 -70
192 -62
193 -54
194 -58
195 -52
196 -49
197 -53
198 -60
199 -69
200 -75
201 -71
202 -85
203 -88
204 -95
205 -96
206 -94
207 -92
208 -96
209 -100
210 -96
211 -99
212 -99
213 -93
214 -96
215 -99
216 -100
217 -102
218 -95
219 -97
220 -106
221 -98
222 -99
223 -102
224 -102
225 -102
226 -98
227 -96
228 -95
229 -96
230 -93
231 -88
232 -84
233 -67
234 -63
235 -105
236 -175
237 -307
238 -459
239 -578
240 -653
241 -674
242 -650
243 -625
244 -586
245 -564
246 -535
247 -490
248 -458
249 -438
250 -414
251 -385
252 -350
253 -329
254 -309
255 -276
256 -250
257 -218
258 -190
259 -149
260 -109
261 -79
262 -42
263 -25
264 -5
265 3
266 15
267 18
268 21
269 25
270 30
271 34
272 36
273 40
274 43
275 44
276 47
277 53
278 48
279 54
280 54
281 58
282 68
283 73
284 71
285 81
286 80
287 82
288 90
289 101
290 103
291 109
292 109
293 114
294 121
295 124
296 120
297 122
298 120
299 120
300 113
301 104
302 97
303 90
304 82
305 72
306 63
307 51
308 47
309 34
310 26
311 17
312 4
313 -6
314 -18
315 -23
316 -29
317 -37
318 -48
319 -54
320 -65
321 -67
322 -72
323 -76
324 -78
325 -77
326 -80
327 -78
328 -80
329 -76
330 -79
331 -82
332 -80
333 -77
334 -79
335 -81
336 -78
337 -77
338 -81
339 -83
340 -80
341 -79
342 -76
343 -75
344 -74
345 -75
346 -71
347 -70
348 -74
349 -76
350 -70
351 -73
352 -75
353 -76
354 -77
355 -75
356 -75
357 -76
358 -79
359 -77
360 -76
361 -80
362 -77
363 -78
364 -80
365 -75
366 -81
367 -84
368 -82
369 -77
370 -84
371 -83
372 -85
373 -82
374 -84
375 -85
376 -84
377 -86
378 -83
379 -83
380 -82
381 -81
382 -79
383 -77
384 -73
385 -67
386 -62
387 -53
388 -45
389 -38
390 -39
391 -38
392 -36
393 -39
394 -42
395 -55
396 -61
397 -61
398 -64
399 -70
400 -77
401 -85
402 -84
403 -90
404 -83
405 -88
406 -84
407 -86
408 -85
409 -84
410 -83
411 -83
412 -85
413 -80
414 -85
415 -83
416 -83
417 -84
418 -80
419 -75
420 -76
421 -72
422 -71
423 -76
424 -76
425 -75
426 -79
427 -76
428 -75
429 -71
430 -65
431 -48
432 -41
433 -67
434 -126
435 -240
436 -388
437 -520
438 -616
439 -658
440 -652
441 -626
442 -587
443 -551
444 -533
445 -503
446 -462
447 -435
448 -406
449 -379
450 -345
451 -323
452 -294
453 -271
454 -236
455 -206
456 -171
457 -139
458 -98
459 -56
460 -20
461 10
462 32
463 47
464 59
465 65
466 70
467 76
468 80
469 80
470 85
471 93
472 99
473 99
474 107
475 116
476 125
477 137
478 145
479 151
480 150
481 154
482 157
483 165
484 170
485 173
486 181
487 187
488 189
489 194
490 207
491 214
492 217
493 218
494 220
495 227
496 220
497 216
498 218
499 214
500 211
501 203
502 198
503 186
504 180
505 172
506 162
507 153
508 137
509 133
510 126
511 111
512 99
513 92
514 87
515 80
516 69
517 62
518 64
519 60
520 58
521 53
522 49
523 52
524 52
525 50
526 46
527 40
528 42
529 40
530 41
531 47
532 47
533 49
534 47
535 44
536 43
537 43
538 46
539 43
540 43
541 50
542 48
543 44
544 48
545 50
546 46
547 47
548 51
549 47
550 45
551 42
552 54
553 54
554 53
555 50
556 50
557 49
558 46
559 42
560 50
561 52
562 51
563 45
564 43
565 44
566 45
567 48
568 47
569 45
570 43
571 44
572 41
573 40
574 44
575 45
576 41
577 43
578 47
579 55
580 58
581 61
582 63
583 70
584 77
585 78
586 81
587 72
588 69
589 60
590 49
591 52
592 53
593 41
594 37
595 37
596 34
597 32
598 35
599 38
600 30
601 32
602 27
603 31
604 28
605 26
606 29
607 28
608 27
609 26
610 25
611 23
612 26
613 24
614 26
615 23
616 23
617 22
618 26
619 27
620 25
621 28
622 40
623 56
624 54
625 17
626 -60
627 -195
628 -348
629 -477
630 -561
631 -580
632 -558
633 -525
634 -479
635 -451
636 -430
637 -396
638 -354
639 -329
640 -299
641 -269
642 -242
643 -213
644 -185
645 -158
646 -123
647 -89
648 -55
649 -15
650 26
651 58
652 93
653 106
654 122
655 130
656 136
657 141
658 149
659 156
660 152
661 154
662 160
663 164
664 166
665 168
666 171
667 178
668 176
669 175
670 183
671 186
672 191
673 197
674 196
675 205
676 209
677 210
678 217
679 218
680 228
681 228
682 233
683 238
684 243
685 245
686 243
687 248
688 246
689 245
690 240
691 231
692 227
693 217
694 210
695 208
696 195
697 183
698 172
699 162
700 150
701 144
702 128
703 122
704 115
705 106
706 97
707 93
708 89
709 82
710 77
711 76
712 70
713 70
714 64
715 65
716 65
717 64
718 68
719 65
720 67
721 66
722 66
723 68
724 69
725 71
726 67
727 67
728 65
729 71
730 67
731 65
732 67
733 66
734 69
735 72
736 70
737 71
738 70
739 77
740 76
741 74
742 70
743 72
744 70
745 65
746 63
747 68
748 68
749 71
750 72
751 69
752 68
753 70
754 65
755 67
756 65
757 66
758 62
759 60
760 58
761 59
762 62
763 64
764 62
765 60
766 63
767 59
768 61
769 69
770 80
771 82
772 88
773 101
774 108
775 109
776 112
777 109
778 102
779 94
780 91
781 94
782 92
783 81
784 73
785 70
786 65
787 68
788 71
789 68
790 70
791 65
792 68
793 69
794 63
795 66
796 63
797 66
798 65
799 69
800 62
801 62
802 62
803 60
804 58
805 61
806 65
807 62
808 56
809 61
810 59
811 59
812 62
813 75
814 91
815 88
816 45
817 -31
818 -172
819 -320
820 -451
821 -536
822 -562
823 -543
824 -516
825 -470
826 -446
827 -421
828 -376
829 -338
830 -314
831 -282
832 -256
833 -223
834 -200
835 -172
836 -140
837 -103
838 -64
839 -24
840 12
841 52
842 88
843 120
844 137
845 151
846 160
847 166
848 173
849 176
850 180
851 181
852 182
853 184
854 181
855 191
856 185
857 181
858 180
859 180
860 181
861 181
862 183
863 193
864 197
865 199
866 200
867 201
868 207
869 213
870 217
871 219
872 222
873 230
874 231
875 231
876 229
877 230
878 232
879 227
880 226
881 219
882 207
883 198
884 193
885 185
886 178
887 166
888 149
889 144
890 129
891 115
892 108
893 96
894 88
895 86
896 74
897 70
898 62
899 58
900 55
901 50
902 50
903 50
904 48
905 41
906 39
907 36
908 40
909 42
910 43
911 39
912 39
913 37
914 42
915 41
916 44
917 38
918 39
919 44
920 43
921 45
922 39
923 37
924 42
925 43
926 45
927 48
928 42
929 40
930 38
931 42
932 44
933 44
934 37
935 37
936 41
937 40
938 38
939 43
940 42
941 41
942 37
943 34
944 33
945 31
946 30
947 35
948 33
949 32
950 24
951 30
952 32
953 25
954 25
955 24
956 22
957 28
958 24
959 25
960 21
961 22
962 19
963 22
964 28
965 31
966 40
967 37
968 47
969 54
970 55
971 51
972 54
973 50
974 39
975 29
976 30
977 28
978 20
979 10
980 2
981 0
982 3
983 3
984 -1
985 -3
986 -2
987 -3
988 -5
989 -8
990 -7
991 -1
992 -9
993 -8
994 -5
995 -8
996 -9
997 -5
998 -6
999 -11
1000 -8
1001 -6
1002 -9
1003 -5
1004 -5
1005 -8
1006 -8
1007 -2
1008 8
1009 18
1010 17
1011 -26
1012 -101
1013 -226
1014 -370
1015 -494
1016 -583
1017 -605
1018 -588
1019 -554
1020 -509
1021 -479
1022 -440
1023 -399
1024 -375
1025 -358
1026 -328
1027 -296
1028 -268
1029 -244
1030 -220
1031 -191
1032 -154
1033 -125
1034 -94
1035 -59
1036 -19
1037 11
1038 33
1039 58
1040 71
1041 81
1042 84
1043 94
1044 94
1045 99
1046 102
1047 101
1048 108
1049 109
1050 115
1051 116
1052 120
1053 121
1054 123
1055 124
1056 134
1057 136
1058 136
1059 138
1060 139
1061 144
1062 151
1063 154
1064 162
1065 165
1066 170
1067 178
1068 180
1069 181
1070 187
1071 189
1072 187
1073 189
1074 185
1075 187
1076 181
1077 172
1078 167
1079 162
1080 156
1081 146
1082 137
1083 127
1084 120
1085 112
1086 105
1087 88
1088 76
1089 70
1090 60
1091 57
1092 48
1093 43
1094 37
1095 28
1096 25
1097 24
1098 24
1099 23
1100 19
1101 16
1102 16
1103 13
1104 15
1105 18
1106 16
1107 17
1108 18
1109 18
1110 14
1111 13
1112 13
1113 20
1114 24
1115 16
1116 20
1117 17
1118 18
1119 17
1120 17
1121 18
1122 23
1123 22
1124 21
1125 21
1126 20
1127 22
1128 19
1129 17
1130 17
1131 15
1132 20
1133 15
1134 15
1135 18
1136 12
1137 12
1138 13
1139 12
1140 15
1141 13
1142 18
1143 15
1144 12
1145 13
1146 13
1147 13
1148 11
1149 10
1150 13
1151 10
1152 10
1153 9
1154 7
1155 12
1156 11
1157 22
1158 30
1159 36
1160 36
1161 46
1162 49
1163 46
1164 52
1165 48
1166 46
1167 40
1168 30
1169 30
1170 27
1171 20
1172 14
1173 10
1174 10
1175 4
1176 10
1177 14
1178 7
1179 6
1180 7
1181 7
1182 12
1183 6
1184 6
1185 0
1186 4
1187 3
1188 6
1189 4
1190 6
1191 7
1192 2
1193 1
1194 2
1195 3
1196 0
1197 6
1198 1
1199 1
1200 8
1201 10
1202 25
1203 25
1204 -2
1205 -63
1206 -176
1207 -322
1208 -449
1209 -548
1210 -587
1211 -570
1212 -527
1213 -483
1214 -460
1215 -433
1216 -403
1217 -361
1218 -333
1219 -306
1220 -274
1221 -245
1222 -218
1223 -194
1224 -173
1225 -142
1226 -111
1227 -80
1228 -43
1229 0
1230 34
1231 71
1232 92
1233 112
1234 121
1235 133
1236 139
1237 143
1238 142
1239 147
1240 151
1241 157
1242 157
1243 160
1244 165
1245 170
1246 180
1247 177
1248 175
1249 179
1250 180
1251 187
1252 187
1253 193
1254 195
1255 202
1256 206
1257 210
1258 218
1259 215
1260 220
1261 224
1262 226
1263 229
1264 231
1265 230
1266 237
1267 233
1268 233
1269 233
1270 227
1271 220
1272 215
1273 202
1274 194
1275 190
1276 180
1277 169
1278 162
1279 148
1280 139
1281 132
1282 121
1283 106
1284 101
1285 94
1286 86
1287 83
1288 73
1289 64
1290 61
1291 57
1292 55
1293 53
1294 52
1295 51
1296 53
1297 53
1298 49
1299 48
1300 49
1301 48
1302 47
1303 45
1304 48
1305 48
1306 43
1307 44
1308 48
1309 44
1310 47
1311 50
1312 50
1313 47
1314 46
1315 42
1316 47
1317 49
1318 46
1319 40
1320 43
1321 45
1322 40
1323 41
1324 41
1325 41
1326 44
1327 43
1328 40
1329 37
1330 40
1331 40
1332 34
1333 33
1334 29
1335 36
1336 36
1337 32
1338 39
1339 35
1340 33
1341 26
1342 18
1343 13
1344 -2
1345 0
1346 0
1347 -3
1348 -1
1349 4
1350 10
1351 15
1352 19
1353 30
1354 36
1355 35
1356 35
1357 29
1358 21
1359 15
1360 6
1361 10
1362 6
1363 -4
1364 -14
1365 -17
1366 -16
1367 -14
1368 -21
1369 -26
1370 -23
1371 -17
1372 -19
1373 -21
1374 -22
1375 -20
1376 -23
1377 -21
1378 -24
1379 -22
1380 -20
1381 -22
1382 -21
1383 -24
1384 -25
1385 -29
1386 -25
1387 -25
1388 -29
1389 -27
1390 -23
1391 -26
1392 -25
1393 -16
1394 -2
1395 -3
1396 -46
1397 -132
1398 -269
1399 -412
1400 -531
1401 -604
1402 -621
1403 -606
1404 -577
1405 -542
1406 -521
1407 -498
1408 -458
1409 -425
1410 -401
1411 -375
1412 -344
1413 -313
1414 -285
1415 -259
1416 -232
1417 -199
1418 -174
1419 -138
1420 -99
1421 -56
1422 -18
1423 11
1424 38
1425 59
1426 68
1427 76
1428 81
1429 85
1430 91
1431 92
1432 99
1433 100
1434 100
1435 105
1436 109
1437 107
1438 116
1439 122
1440 124
1441 129
1442 133
1443 133
1444 137
1445 143
1446 145
1447 151
1448 152
1449 157
1450 161
1451 164
1452 170
1453 177
1454 181
1455 186
1456 185
1457 190
1458 186
1459 182
1460 181
1461 179
1462 178
1463 173
1464 163
1465 157
1466 144
1467 138
1468 130
1469 122
1470 110
1471 100
1472 92
1473 80
1474 75
1475 64
1476 46
1477 40
1478 33
1479 26
1480 23
1481 15
1482 9
1483 8
1484 3
1485 0
1486 -1
1487 -2
1488 -2
1489 -6
1490 -6
1491 -6
1492 -5
1493 -8
1494 -6
1495 -4
1496 -3
1497 -4
1498 -3
1499 -4
1500 -4
1501 -7
1502 -7
1503 -11
1504 -3
1505 -6
1506 -12
1507 -8
1508 -6
1509 -8
1510 -8
1511 -7
1512 -11
1513 -13
1514 -13
1515 -9
1516 -3
1517 -4
1518 -6
1519 -9
1520 -12
1521 -10
1522 -16
1523 -21
1524 -12
1525 -16
1526 -15
1527 -15
1528 -11
1529 -9
1530 -1
1531 0
1532 0
1533 0
1534 2
1535 0
1536 4
1537 6
1538 1
1539 5
1540 0
1541 -3
1542 0
1543 1
1544 1
1545 1
1546 6
1547 11
1548 16
1549 17
1550 19
1551 25
1552 30
1553 30
1554 31
1555 26
1556 19
1557 13
1558 10
1559 7
1560 0
1561 -13
1562 -16
1563 -24
1564 -29
1565 -28
1566 -19
1567 -20
1568 -23
1569 -28
1570 -25
1571 -25
1572 -29
1573 -31
1574 -29
1575 -30
1576 -28
1577 -35
1578 -35
1579 -34
1580 -33
1581 -34
1582 -35
1583 -31
1584 -35
1585 -35
1586 -34
1587 -32
1588 -29
1589 -29
1590 -27
1591 -13
1592 3
1593 -6
1594 -52
1595 -133
1596 -263
1597 -405
1598 -530
1599 -611
1600 -644
1601 -626
1602 -591
1603 -546
1604 -511
1605 -486
1606 -453
1607 -416
1608 -392
1609 -364
1610 -333
1611 -302
1612 -270
1613 -248
1614 -219
1615 -186
1616 -155
1617 -120
1618 -88
1619 -47
1620 -15
1621 17
1622 37
1623 48
1624 58
1625 65
1626 71
1627 75
1628 79
1629 87
1630 91
1631 95
1632 93
1633 94
1634 91
1635 93
1636 99
1637 106
1638 102
1639 109
1640 114
1641 115
1642 121
1643 121
1644 129
1645 133
1646 133
1647 142
1648 147
1649 150
1650 150
1651 156
1652 158
1653 158
1654 164
1655 162
1656 161
1657 157
1658 156
1659 152
1660 147
1661 139
1662 130
1663 118
1664 111
1665 97
1666 90
1667 72
1668 71
1669 61
1670 46
1671 33
1672 28
1673 22
1674 8
1675 3
1676 -5
1677 -12
1678 -17
1679 -22
1680 -19
1681 -25
1682 -24
1683 -27
1684 -32
1685 -33
1686 -36
1687 -26
1688 -24
1689 -26
1690 -26
1691 -27
1692 -25
1693 -25
1694 -33
1695 -31
1696 -31
1697 -26
1698 -25
1699 -26
1700 -30
1701 -24
1702 -25
1703 -23
1704 -24
1705 -22
1706 -23
1707 -27
1708 -22
1709 -21
1710 -20
1711 -18
1712 -17
1713 -21
1714 -20
1715 -18
1716 -19
1717 -23
1718 -21
1719 -25
1720 -27
1721 -23
1722 -24
1723 -26
1724 -32
1725 -35
1726 -32
1727 -28
1728 -29
1729 -29
1730 -34
1731 -33
1732 -35
1733 -27
1734 -28
1735 -33
1736 -33
1737 -33
1738 -33
1739 -30
1740 -23
1741 -17
1742 -6
1743 -2
1744 0
1745 6
1746 1
1747 0
1748 0
1749 -7
1750 -12
1751 -14
1752 -22
1753 -31
1754 -41
1755 -40
1756 -41
1757 -37
1758 -42
1759 -42
1760 -39
1761 -37
1762 -32
1763 -42
1764 -39
1765 -39
1766 -44
1767 -45
1768 -42
1769 -46
1770 -46
1771 -42
1772 -42
1773 -46
1774 -44
1775 -48
1776 -46
1777 -47
1778 -45
1779 -42
1780 -43
1781 -40
1782 -30
1783 -8
1784 -14
1785 -57
1786 -142
1787 -274
1788 -418
1789 -540
1790 -611
1791 -627
1792 -617
1793 -580
1794 -543
1795 -516
1796 -481
1797 -432
1798 -406
1799 -382
1800 -349
1801 -318
1802 -288
1803 -263
1804 -243
1805 -210
1806 -176
1807 -147
1808 -107
1809 -69
1810 -32
1811 0
1812 26
1813 44
1814 56
1815 66
1816 75
1817 79
1818 80
1819 84
1820 84
1821 90
1822 91
1823 94
1824 96
1825 113
1826 113
1827 109
1828 114
1829 119
1830 120
1831 125
1832 127
1833 136
1834 138
1835 140
1836 147
1837 154
1838 151
1839 156
1840 162
1841 165
1842 170
1843 166
1844 166
1845 166
1846 161
1847 153
1848 154
1849 145
1850 136
1851 122
1852 114
1853 110
1854 99
1855 90
1856 77
1857 64
1858 59
1859 52
1860 42
1861 26
1862 17
1863 14
1864 8
1865 2
1866 -2
1867 -6
1868 -6
1869 -12
1870 -22
1871 -24
1872 -27
1873 -26
1874 -29
1875 -30
1876 -29
1877 -29
1878 -34
1879 -32
1880 -32
1881 -33
1882 -33
1883 -34
1884 -35
1885 -33
1886 -36
1887 -37
1888 -40
1889 -38
1890 -36
1891 -34
1892 -32
1893 -32
1894 -32
1895 -32
1896 -30
1897 -28
1898 -33
1899 -32
1900 -28
1901 -30
1902 -33
1903 -31
1904 -31
1905 -38
1906 -37
1907 -39
1908 -35
1909 -41
1910 -41
1911 -39
1912 -39
1913 -38
1914 -42
1915 -41
1916 -42
1917 -42
1918 -46
1919 -42
1920 -42
1921 -37
1922 -37
1923 -36
1924 -24
1925 -20
1926 -15
1927 -9
1928 -3
1929 0
1930 -1
1931 1
1932 -4
1933 -14
1934 -24
1935 -27
1936 -26
1937 -31
1938 -39
1939 -44
1940 -45
1941 -45
1942 -45
1943 -48
1944 -48
1945 -44
1946 -47
1947 -45
1948 -50
1949 -55
1950 -55
1951 -59
1952 -58
1953 -55
1954 -48
1955 -47
1956 -56
1957 -53
1958 -53
1959 -53
1960 -49
1961 -52
1962 -53
1963 -52
1964 -55
1965 -49
1966 -46
1967 -32
1968 -11
1969 -35
1970 -95
1971 -191
1972 -347
1973 -494
1974 -597
1975 -640
1976 -640
1977 -617
1978 -576
1979 -541
1980 -516
1981 -483
1982 -449
1983 -421
1984 -393
1985 -364
1986 -331
1987 -301
1988 -274
1989 -244
1990 -222
1991 -190
1992 -150
1993 -114
1994 -76
1995 -40
1996 -6
1997 10
1998 23
1999 33
2000 36
2001 46
2002 53
2003 53
2004 59
2005 61
2006 67
2007 75
2008 78
2009 87
2010 94
2011 93
2012 99
2013 104
2014 101
2015 101
2016 108
2017 113
2018 116
2019 119
2020 130
2021 131
2022 134
2023 138
2024 145
2025 146
2026 152
2027 155
2028 160
2029 166
2030 166
2031 169
2032 172
2033 165
2034 159
2035 153
2036 147
2037 138
2038 127
2039 115
2040 104
2041 92
2042 87
2043 80
2044 69
2045 56
2046 54
2047 39
2048 35
2049 27
2050 24
2051 13
2052 18
2053 17
2054 22
2055 20
2056 17
2057 15
2058 16
2059 23
2060 18
2061 23
2062 18
2063 19
2064 19
2065 23
2066 20
2067 18
2068 18
2069 19
2070 17
2071 17
2072 14
2073 1
2074 -21
2075 -25
2076 -24
2077 -29
2078 -29
2079 -22
2080 -26
2081 -23
2082 -23
2083 -22
2084 -29
2085 -25
2086 -27
2087 -25
2088 -30
2089 -34
2090 -32
2091 -31
2092 -32
2093 -35
2094 -36
2095 -37
2096 -32
2097 -35
2098 -33
2099 -33
2100 -33
2101 -36
2102 -36
2103 -39
2104 -37
2105 -35
2106 -38
2107 -40
2108 -40
2109 -34
2110 -36
2111 -37
2112 -37
2113 -36
2114 -37
2115 -38
2116 -35
2117 -25
2118 -24
2119 -23
2120 -16
2121 -5
2122 -2
2123 -1
2124 0
2125 -10
2126 -18
2127 -20
2128 -27
2129 -24
2130 -30
2131 -40
2132 -51
2133 -55
2134 -52
2135 -54
2136 -53
2137 -55
2138 -60
2139 -64
2140 -71
2141 -77
2142 -79
2143 -82
2144 -84
2145 -83
2146 -85
2147 -81
2148 -84
2149 -86
2150 -83
2151 -83
2152 -87
2153 -85
2154 -88
2155 -83
2156 -83
2157 -86
2158 -82
2159 -85
2160 -82
2161 -70
2162 -56
2163 -60
2164 -108
2165 -181
2166 -304
2167 -448
2168 -562
2169 -633
2170 -657
2171 -645
2172 -614
2173 -578
2174 -549
2175 -520
2176 -482
2177 -451
2178 -433
2179 -402
2180 -376
2181 -346
2182 -324
2183 -300
2184 -274
2185 -243
2186 -209
2187 -177
2188 -146
2189 -110
2190 -82
2191 -46
2192 -16
2193 -1
2194 10
2195 20
2196 26
2197 31
2198 36
2199 37
2200 43
2201 46
2202 49
2203 46
2204 50
2205 57
2206 62
2207 63
2208 68
2209 73
2210 80
2211 82
2212 89
2213 96
2214 96
2215 99
2216 100
2217 108
2218 114
2219 115
2220 119
2221 125
2222 132
2223 134
2224 138
2225 141
2226 140
2227 136
2228 136
2229 135
2230 132
2231 120
2232 118
2233 109
2234 103
2235 93
2236 83
2237 70
2238 63
2239 52
2240 41
2241 36
2242 28
2243 15
2244 0
2245 -8
2246 -14
2247 -19
2248 -25
2249 -31
2250 -33
2251 -32
2252 -40
2253 -44
2254 -36
2255 -34
2256 -39
2257 -41
2258 -40
2259 -42
2260 -40
2261 -41
2262 -37
2263 -36
2264 -36
2265 -35
2266 -38
2267 -35
2268 -34
2269 -35
2270 -33
2271 -33
2272 -28
2273 -32
2274 -32
2275 -32
2276 -32
2277 -31
2278 -28
2279 -26
2280 -24
2281 -26
2282 -24
2283 -22
2284 -26
2285 -28
2286 -27
2287 -23
2288 -24
2289 -25
2290 -26
2291 -26
2292 -24
2293 -25
2294 -27
2295 -27
2296 -24
2297 -29
2298 -29
2299 -29
2300 -25
2301 -28
2302 -25
2303 -26
2304 -27
2305 -27
2306 -29
2307 -24
2308 -28
2309 -30
2310 -31
2311 -25
2312 -23
2313 -15
2314 -13
2315 -10
2316 0
2317 6
2318 9
2319 13
2320 9
2321 5
2322 -2
2323 -10
2324 -14
2325 -23
2326 -16
2327 -28
2328 -28
2329 -32
2330 -34
2331 -33
2332 -39
2333 -36
2334 -42
2335 -40
2336 -41
2337 -37
2338 -37
2339 -42
2340 -47
2341 -46
2342 -48
2343 -40
2344 -38
2345 -38
2346 -41
2347 -42
2348 -48
2349 -47
2350 -46
2351 -46
2352 -42
2353 -40
2354 -42
2355 -43
2356 -42
2357 -29
2358 -19
2359 -12
2360 -57
2361 -133
2362 -256
2363 -408
2364 -527
2365 -601
2366 -626
2367 -611
2368 -578
2369 -547
2370 -521
2371 -498
2372 -460
2373 -429
2374 -400
2375 -370
2376 -340
2377 -306
2378 -282
2379 -258
2380 -235
2381 -201
2382 -174
2383 -145
2384 -110
2385 -71
2386 -31
2387 0
2388 24
2389 42
2390 52
2391 58
2392 62
2393 75
2394 76
2395 79
2396 79
2397 86
2398 88
2399 92
2400 97
2401 103
2402 106
2403 106
2404 108
2405 113
2406 116
2407 126
2408 131
2409 130
2410 134
2411 136
2412 141
2413 145
2414 148
2415 161
2416 160
2417 166
2418 175
2419 172
2420 175
2421 174
2422 174
2423 174
2424 173
2425 172
2426 167
2427 162
2428 150
2429 143
2430 134
2431 124
2432 115
2433 106
2434 97
2435 88
2436 92
2437 95
2438 87
2439 80
2440 74
2441 63
2442 56
2443 46
2444 41
2445 41
2446 37
2447 35
2448 33
2449 35
2450 31
2451 29
2452 25
2453 23
2454 23
2455 24
2456 20
2457 22
2458 17
2459 19
2460 17
2461 22
2462 26
2463 23
2464 22
2465 24
2466 26
2467 27
2468 24
2469 28
2470 30
2471 19
2472 18
2473 28
2474 23
2475 23
2476 21
2477 22
2478 24
2479 24
2480 22
2481 23
2482 20
2483 19
2484 18
2485 21
2486 19
2487 22
2488 16
2489 15
2490 12
2491 12
2492 6
2493 6
2494 9
2495 11
2496 9
2497 9
2498 4
2499 3
2500 -1
2501 3
2502 6
2503 0
2504 2
2505 4
2506 4
2507 4
2508 0
2509 0
2510 12
2511 12
2512 16
2513 21
2514 28
2515 33
2516 36
2517 32
2518 15
2519 -8
2520 -22
2521 -27
2522 -30
2523 -37
2524 -42
2525 -46
2526 -52
2527 -61
2528 -57
2529 -57
2530 -61
2531 -60
2532 -57
2533 -59
2534 -62
2535 -63
2536 -62
2537 -63
2538 -64
2539 -66
2540 -64
2541 -66
2542 -67
2543 -73
2544 -70
2545 -68
2546 -66
2547 -68
2548 -66
2549 -68
2550 -68
2551 -68
2552 -72
2553 -72
2554 -65
2555 -53
2556 -35
2557 -40
2558 -89
2559 -161
2560 -319
2561 -429
2562 -533
2563 -610
2564 -641
2565 -629
2566 -607
2567 -567
2568 -540
2569 -509
2570 -477
2571 -443
2572 -415
2573 -393
2574 -367
2575 -341
2576 -309
2577 -288
2578 -258
2579 -229
2580 -204
2581 -166
2582 -135
2583 -102
2584 -69
2585 -36
2586 -10
2587 11
2588 16
2589 24
2590 33
2591 38
2592 35
2593 40
2594 47
2595 45
2596 50
2597 52
2598 53
2599 57
2600 59
2601 64
2602 68
2603 70
2604 74
2605 76
2606 84
2607 88
2608 90
2609 95
2610 103
2611 107
2612 115
2613 117
2614 127
2615 130
2616 133
2617 132
2618 135
2619 137
2620 136
2621 136
2622 131
2623 129
2624 131
2625 126
2626 115
2627 109
2628 103
2629 86
2630 73
2631 61
2632 46
2633 42
2634 31
2635 18
2636 6
2637 -5
2638 -9
2639 -19
2640 -22
2641 -26
2642 -35
2643 -41
2644 -40
2645 -50
2646 -53
2647 -56
2648 -60
2649 -52
2650 -56
2651 -57
2652 -52
2653 -49
2654 -55
2655 -51
2656 -55
2657 -51
2658 -54
2659 -58
2660 -56
2661 -58
2662 -53
2663 -49
2664 -47
2665 -51
2666 -51
2667 -49
2668 -47
2669 -48
2670 -51
2671 -50
2672 -48
2673 -48
2674 -46
2675 -48
2676 -50
2677 -46
2678 -49
2679 -49
2680 -51
2681 -46
2682 -49
2683 -47
2684 -49
2685 -47
2686 -56
2687 -53
2688 -50
2689 -57
2690 -55
2691 -54
2692 -58
2693 -54
2694 -56
2695 -52
2696 -53
2697 -50
2698 -52
2699 -50
2700 -55
2701 -55
2702 -53
2703 -54
2704 -52
2705 -52
2706 -53
2707 -48
2708 -48
2709 -42
2710 -34
2711 -27
2712 -23
2713 -17
2714 -16
2715 -16
2716 -11
2717 -8
2718 -12
2719 -23
2720 -26
2721 -31
2722 -27
2723 -39
2724 -48
2725 -49
2726 -57
2727 -56
2728 -54
2729 -50
2730 -49
2731 -49
2732 -50
2733 -49
2734 -50
2735 -54
2736 -55
2737 -57
2738 -52
2739 -57
2740 -57
2741 -54
2742 -48
2743 -53
2744 -54
2745 -57
2746 -55
2747 -55
2748 -53
2749 -58
2750 -59
2751 -57
2752 -53
2753 -38
2754 -20
2755 -17
2756 -54
2757 -121
2758 -244
2759 -391
2760 -512
2761 -598
2762 -627
2763 -617
2764 -588
2765 -549
2766 -511
2767 -483
2768 -446
2769 -406
2770 -379
2771 -352
2772 -327
2773 -301
2774 -278
2775 -251
2776 -225
2777 -197
2778 -169
2779 -133
2780 -96
2781 -60
2782 -23
2783 6
2784 28
2785 40
2786 54
2787 63
2788 68
2789 73
2790 74
2791 76
2792 84
2793 91
2794 94
2795 94
2796 98
2797 102
2798 104
2799 112
2800 110
2801 117
2802 125
2803 125
2804 128
2805 130
2806 138
2807 138
2808 145
2809 154
2810 163
2811 165
2812 168
2813 173
2814 172
2815 174
2816 174
2817 177
2818 175
2819 170
2820 169
2821 160
2822 155
2823 150
2824 137
2825 131
2826 120
2827 105
2828 96
2829 92
2830 78
2831 67
2832 57
2833 53
2834 38
2835 27
2836 22
2837 14
2838 7
2839 4
2840 2
2841 -4
2842 1
2843 -4
2844 -7
2845 -11
2846 -12
2847 -1
2848 -10
2849 -9
2850 -5
2851 -8
2852 -4
2853 -8
2854 -12
2855 -11
2856 -11
2857 -10
2858 -5
2859 -10
2860 -9
2861 -3
2862 -6
2863 -4
2864 -8
2865 -8
2866 -2
2867 -4
2868 -3
2869 1
2870 0
2871 -6
2872 -5
2873 -7
2874 -3
2875 -5
2876 -6
2877 -13
2878 -10
2879 -11
2880 -14
2881 -18
2882 -12
2883 -12
2884 -16
2885 -17
2886 -14
2887 -16
2888 -20
2889 -14
2890 -18
2891 -19
2892 -21
2893 -19
2894 -19
2895 -18
2896 -20
2897 -16
2898 -10
2899 -4
2900 1
2901 8
2902 13
2903 19
2904 19
2905 18
2906 17
2907 12
2908 3
2909 -2
2910 -3
2911 -6
2912 -16
2913 -24
2914 -20
2915 -25
2916 -24
2917 -24
2918 -29
2919 -27
2920 -30
2921 -28
2922 -26
2923 -25
2924 -30
2925 -26
2926 -26
2927 -27
2928 -32
2929 -31
2930 -31
2931 -33
2932 -30
2933 -30
2934 -33
2935 -29
2936 -30
2937 -27
2938 -29
2939 -31
2940 -26
2941 -21
2942 -4
2943 4
2944 -21
2945 -86
2946 -210
2947 -372
2948 -504
2949 -584
2950 -610
2951 -590
2952 -560
2953 -521
2954 -495
2955 -463
2956 -418
2957 -387
2958 -364
2959 -334
2960 -301
2961 -269
2962 -248
2963 -220
2964 -190
2965 -161
2966 -128
2967 -92
2968 -55
2969 -17
2970 19
2971 43
2972 64
2973 75
2974 89
2975 88
2976 93
2977 102
2978 110
2979 110
2980 114
2981 118
2982 123
2983 118
2984 122
2985 128
2986 131
2987 130
2988 137
2989 140
2990 147
2991 150
2992 156
2993 156
2994 164
2995 171
2996 174
2997 180
2998 183
2999 185
3000 189
3001 192
3002 192
3003 193
3004 190
3005 191
3006 188
3007 179
3008 178
3009 170
3010 157
3011 150
3012 139
3013 127
3014 112
3015 105
3016 92
3017 79
3018 68
3019 61
3020 51
3021 41
3022 30
3023 27
3024 19
3025 14
3026 4
3027 3
3028 0
3029 -4
3030 -11
3031 -6
3032 -8
3033 -9
3034 -10
3035 -8
3036 -19
3037 -8
3038 -12
3039 -16
3040 -15
3041 -15
3042 -12
3043 -14
3044 -14
3045 -13
3046 -11
3047 -13
3048 -13
3049 -15
3050 -10
3051 -9
3052 -15
3053 -10
3054 -15
3055 -18
3056 -16
3057 -16
3058 -17
3059 -20
3060 -16
3061 -19
3062 -23
3063 -21
3064 -21
3065 -20
3066 -19
3067 -21
3068 -22
3069 -19
3070 -22
3071 -26
3072 -24
3073 -28
3074 -26
3075 -22
3076 -28
3077 -32
3078 -35
3079 -29
3080 -30
3081 -36
3082 -34
3083 -32
3084 -36
3085 -37
3086 -34
3087 -34
3088 -33
3089 -32
3090 -29
3091 -23
3092 -13
3093 -11
3094 -6
3095 2
3096 2
3097 6
3098 0
3099 -7
3100 -8
3101 -19
3102 -19
3103 -21
3104 -28
3105 -33
3106 -46
3107 -50
3108 -47
3109 -43
3110 -48
3111 -52
3112 -49
3113 -54
3114 -50
3115 -48
3116 -48
3117 -54
3118 -51
3119 -49
3120 -49
3121 -48
3122 -53
3123 -54
3124 -55
3125 -49
3126 -46
3127 -49
3128 -47
3129 -51
3130 -51
3131 -54
3132 -51
3133 -44
3134 -44
3135 -25
3136 -22
3137 -64
3138 -149
3139 -270
3140 -413
3141 -530
3142 -601
3143 -627
3144 -624
3145 -600
3146 -552
3147 -521
3148 -498
3149 -457
3150 -419
3151 -397
3152 -370
3153 -347
3154 -313
3155 -285
3156 -259
3157 -234
3158 -207
3159 -174
3160 -145
3161 -109
3162 -76
3163 -44
3164 -12
3165 18
3166 38
3167 45
3168 54
3169 58
3170 62
3171 66
3172 73
3173 74
3174 76
3175 76
3176 80
3177 84
3178 89
3179 87
3180 91
3181 93
3182 97
3183 101
3184 109
3185 114
3186 114
3187 117
3188 125
3189 132
3190 131
3191 142
3192 145
3193 149
3194 155
3195 158
3196 160
3197 166
3198 170
3199 166
3200 164
3201 168
3202 165
3203 166
3204 156
3205 146
3206 141
3207 136
3208 125
3209 113
3210 103
3211 95
3212 81
3213 68
3214 56
3215 47
3216 42
3217 30
3218 21
3219 11
3220 6
3221 0
3222 -4
3223 -13
3224 -11
3225 -15
3226 -14
3227 -19
3228 -22
3229 -22
3230 -24
3231 -18
3232 -23
3233 -21
3234 -21
3235 -20
3236 -20
3237 -23
3238 -22
3239 -23
3240 -18
3241 -22
3242 -20
3243 -22
3244 -20
3245 -22
3246 -22
3247 -18
3248 -19
3249 -21
3250 -19
3251 -16
3252 -15
3253 -14
3254 -18
3255 -16
3256 -15
3257 -14
3258 -16
3259 -16
3260 -18
3261 -17
3262 -18
3263 -15
3264 -16
3265 -15
3266 -18
3267 -17
3268 -16
3269 -16
3270 -17
3271 -17
3272 -20
3273 -18
3274 -16
3275 -17
3276 -17
3277 -15
3278 -18
3279 -18
3280 -17
3281 -15
3282 -16
3283 -18
3284 -17
3285 -14
3286 -13
3287 -12
3288 -14
3289 -10
3290 -9
3291 -8
3292 4
3293 11
3294 11
3295 19
3296 28
3297 29
3298 26
3299 32
3300 20
3301 16
3302 14
3303 10
3304 6
3305 3
3306 -6
3307 -13
3308 -14
3309 -11
3310 -12
3311 -7
3312 -11
3313 -19
3314 -16
3315 -13
3316 -16
3317 -13
3318 -13
3319 -19
3320 -15
3321 -19
3322 -17
3323 -16
3324 -13
3325 -16
3326 -19
3327 -16
3328 -18
3329 -22
3330 -16
3331 -19
3332 -24
3333 -20
3334 -16
3335 -14
3336 -9
3337 2
3338 17
3339 -7
3340 -56
3341 -151
3342 -289
3343 -428
3344 -538
3345 -598
3346 -607
3347 -599
3348 -564
3349 -523
3350 -500
3351 -469
3352 -426
3353 -394
3354 -369
3355 -336
3356 -311
3357 -276
3358 -250
3359 -235
3360 -205
3361 -169
3362 -143
3363 -119
3364 -80
3365 -41
3366 -12
3367 23
3368 51
3369 71
3370 79
3371 85
3372 96
3373 96
3374 104
3375 110
3376 111
3377 111
3378 120
3379 124
3380 125
3381 132
3382 133
3383 132
3384 137
3385 145
3386 147
3387 144
3388 152
3389 156
3390 164
3391 164
3392 166
3393 172
3394 180
3395 188
3396 194
3397 197
3398 197
3399 202
3400 208
3401 211
3402 211
3403 208
3404 208
3405 205
3406 206
3407 200
3408 189
3409 183
3410 175
3411 165
3412 157
3413 147
3414 132
3415 120
3416 110
3417 98
3418 91
3419 83
3420 68
3421 59
3422 47
3423 42
3424 34
3425 32
3426 28
3427 25
3428 22
3429 15
3430 5
3431 13
3432 12
3433 12
3434 12
3435 9
3436 11
3437 9
3438 10
3439 5
3440 9
3441 9
3442 15
3443 11
3444 13
3445 10
3446 12
3447 12
3448 15
3449 13
3450 15
3451 19
3452 13
3453 20
3454 18
3455 21
3456 24
3457 19
3458 21
3459 22
3460 22
3461 18
3462 21
3463 20
3464 17
3465 21
3466 18
3467 16
3468 17
3469 21
3470 17
3471 19
3472 19
3473 19
3474 21
3475 21
3476 17
3477 19
3478 19
3479 19
3480 17
3481 13
3482 15
3483 15
3484 10
3485 14
3486 18
3487 17
3488 17
3489 18
3490 29
3491 32
3492 37
3493 44
3494 48
3495 51
3496 55
3497 51
3498 43
3499 39
3500 35
3501 27
3502 25
3503 18
3504 8
3505 0
3506 1
3507 0
3508 3
3509 7
3510 2
3511 0
3512 2
3513 -7
3514 -4
3515 0
3516 -6
3517 -3
3518 -1
3519 0
3520 -3
3521 0
3522 -2
3523 -3
3524 0
3525 -1
3526 -3
3527 -7
3528 -4
3529 -1
3530 -3
3531 -8
3532 -7
3533 0
3534 7
3535 17
3536 30
3537 17
3538 -35
3539 -128
3540 -271
3541 -418
3542 -526
3543 -589
3544 -596
3545 -568
3546 -535
3547 -502
3548 -481
3549 -460
3550 -415
3551 -384
3552 -358
3553 -328
3554 -300
3555 -271
3556 -249
3557 -217
3558 -194
3559 -160
3560 -133
3561 -102
3562 -68
3563 -32
3564 1
3565 35
3566 55
3567 75
3568 87
3569 97
3570 100
3571 104
3572 114
3573 119
3574 118
3575 118
3576 122
3577 127
3578 132
3579 133
3580 133
3581 134
3582 136
3583 138
3584 139
3585 146
3586 151
3587 157
3588 159
3589 166
3590 169
3591 169
3592 176
3593 182
3594 184
3595 187
3596 186
3597 192
3598 195
3599 199
3600 199
3601 198
3602 197
3603 195
3604 191
3605 189
3606 182
3607 168
3608 158
3609 149
3610 142
3611 135
3612 122
3613 108
3614 99
3615 88
3616 77
3617 70
3618 58
3619 46
3620 41
3621 34
3622 28
3623 22
3624 15
3625 11
3626 12
3627 1
3628 3
3629 0
3630 0
3631 1
3632 -2
3633 1
3634 4
3635 0
3636 -4
3637 0
3638 -3
3639 -4
3640 -2
3641 -5
3642 0
3643 1
3644 -6
3645 0
3646 -7
3647 -4
3648 0
3649 0
3650 -2
3651 0
3652 -1
3653 -1
3654 -1
3655 0
3656 0
3657 0
3658 -2
3659 0
3660 -2
3661 -5
3662 -7
3663 -8
3664 -8
3665 -5
3666 -8
3667 0
3668 -7
3669 -8
3670 -12
3671 -16
3672 -10
3673 -14
3674 -18
3675 -21
3676 -15
3677 -16
3678 -17
3679 -14
3680 -17
3681 -17
3682 -17
3683 -20
3684 -17
3685 -17
3686 -23
3687 -22
3688 -14
3689 -19
3690 -21
3691 -16
3692 -18
3693 -16
3694 -9
3695 -4
3696 3
3697 7
3698 14
3699 16
3700 15
3701 17
3702 12
3703 5
3704 1
3705 -4
3706 -6
3707 -9
3708 -17
3709 -27
3710 -29
3711 -30
3712 -36
3713 -31
3714 -35
3715 -34
3716 -37
3717 -35
3718 -37
3719 -36
3720 -36
3721 -32
3722 -36
3723 -40
3724 -53
3725 -58
3726 -60
3727 -64
3728 -64
3729 -62
3730 -61
3731 -63
3732 -63
3733 -64
3734 -68
3735 -63
3736 -69
3737 -71
3738 -67
3739 -52
3740 -46
3741 -77
3742 -142
3743 -251
3744 -390
3745 -517
3746 -597
3747 -635
3748 -641
3749 -619
3750 -582
3751 -554
3752 -522
3753 -493
3754 -460
3755 -439
3756 -414
3757 -390
3758 -359
3759 -331
3760 -305
3761 -276
3762 -245
3763 -216
3764 -189
3765 -163
3766 -128
3767 -105
3768 -72
3769 -39
3770 -20
3771 -16
3772 -12
3773 -9
3774 -2
3775 3
3776 7
3777 6
3778 2
3779 6
3780 5
3781 13
3782 23
3783 27
3784 31
3785 30
3786 36
3787 42
3788 46
3789 58
3790 83
3791 104
3792 119
3793 127
3794 132
3795 145
3796 151
3797 152
3798 161
3799 164
3800 162
3801 156
3802 155
3803 158
3804 158
3805 153
3806 146
3807 143
3808 134
3809 121
3810 121
3811 114
3812 104
3813 89
3814 79
3815 66
3816 49
3817 40
3818 28
3819 19
3820 6
3821 -3
3822 -10
3823 -18
3824 -23
3825 -27
3826 -30
3827 -31
3828 -38
3829 -39
3830 -43
3831 -42
3832 -42
3833 -42
3834 -41
3835 -38
3836 -39
3837 -39
3838 -39
3839 -35
3840 -35
3841 -34
3842 -34
3843 -34
3844 -30
3845 -34
3846 -32
3847 -29
3848 -30
3849 -31
3850 -30
3851 -28
3852 -26
3853 -26
3854 -24
3855 -22
3856 -23
3857 -23
3858 -24
3859 -27
3860 -24
3861 -27
3862 -29
3863 -28
3864 -27
3865 -26
3866 -26
3867 -22
3868 -24
3869 -25
3870 -32
3871 -28
3872 -29
3873 -28
3874 -25
3875 -27
3876 -31
3877 -30
3878 -30
3879 -27
3880 -30
3881 -29
3882 -30
3883 -24
3884 -30
3885 -31
3886 -32
3887 -27
3888 -26
3889 -33
3890 -34
3891 -36
3892 -31
3893 -26
3894 -20
3895 -19
3896 -16
3897 -11
3898 -6
3899 -6
3900 -6
3901 -10
3902 -16
3903 -20
3904 -29
3905 -29
3906 -31
3907 -35
3908 -44
3909 -44
3910 -45
3911 -45
3912 -47
3913 -50
3914 -50
3915 -53
3916 -52
3917 -50
3918 -54
3919 -52
3920 -54
3921 -49
3922 -53
3923 -51
3924 -50
3925 -56
3926 -53
3927 -53
3928 -48
3929 -56
3930 -49
3931 -48
3932 -46
3933 -46
3934 -50
3935 -47
3936 -44
3937 -31
3938 -17
3939 -32
3940 -83
3941 -173
3942 -322
3943 -466
3944 -569
3945 -613
3946 -616
3947 -593
3948 -556
3949 -527
3950 -502
3951 -463
3952 -427
3953 -396
3954 -372
3955 -342
3956 -310
3957 -285
3958 -263
3959 -234
3960 -200
3961 -171
3962 -141
3963 -113
3964 -74
3965 -33
3966 -8
3967 18
3968 37
3969 48
3970 53
3971 61
3972 68
3973 78
3974 78
3975 80
3976 85
3977 91
3978 94
3979 99
3980 100
3981 107
3982 108
3983 112
3984 114
3985 115
3986 119
3987 130
3988 136
3989 136
3990 143
3991 149
3992 156
3993 164
3994 164
3995 169
3996 179
3997 177
3998 180
3999 184
4000 185
4001 183
4002 184
4003 176
4004 173
4005 166
4006 158
4007 151
4008 145
4009 129
4010 114
4011 107
4012 95
4013 91
4014 73
4015 60
4016 51
4017 42
4018 38
4019 25
4020 14
4021 11
4022 5
4023 6
4024 1
4025 -2
4026 -8
4027 -5
4028 -10
4029 -7
4030 -13
4031 -13
4032 -10
4033 -12
4034 -9
4035 -13
4036 -11
4037 -7
4038 -14
4039 -11
4040 -11
4041 -8
4042 -7
4043 -9
4044 -11
4045 -8
4046 -10
4047 -8
4048 -6
4049 -5
4050 -3
4051 -5
4052 -8
4053 -6
4054 -8
4055 -8
4056 -6
4057 -9
4058 -9
4059 -11
4060 -13
4061 -9
4062 -6
4063 -13
4064 -11
4065 -14
4066 -16
4067 -15
4068 -13
4069 -11
4070 -13
4071 -15
4072 -14
4073 -10
4074 -13
4075 -15
4076 -15
4077 -20
4078 -18
4079 -14
4080 -14
4081 -11
4082 -16
4083 -12
4084 -6
4085 0
4086 3
4087 7
4088 17
4089 24
4090 25
4091 23
4092 23
4093 17
4094 11
4095 1
4096 -2
4097 0
4098 -3
4099 -19
4100 -24
4101 -27
4102 -29
4103 -25
4104 -21
4105 -27
4106 -23
4107 -28
4108 -29
4109 -26
4110 -28
4111 -28
4112 -30
4113 -28
4114 -31
4115 -39
4116 -34
4117 -30
4118 -34
4119 -36
4120 -37
4121 -34
4122 -31
4123 -38
4124 -34
4125 -37
4126 -34
4127 -33
4128 -22
4129 -6
4130 -11
4131 -58
4132 -152
4133 -292
4134 -434
4135 -537
4136 -592
4137 -599
4138 -575
4139 -543
4140 -511
4141 -486
4142 -453
4143 -413
4144 -387
4145 -365
4146 -336
4147 -311
4148 -280
4149 -258
4150 -233
4151 -202
4152 -171
4153 -138
4154 -100
4155 -70
4156 -37
4157 -7
4158 22
4159 37
4160 47
4161 58
4162 66
4163 69
4164 73
4165 75
4166 83
4167 81
4168 83
4169 89
4170 89
4171 97
4172 99
4173 103
4174 106
4175 103
4176 106
4177 117
4178 122
4179 127
4180 129
4181 135
4182 140
4183 140
4184 148
4185 154
4186 159
4187 165
4188 168
4189 172
4190 172
4191 167
4192 175
4193 173
4194 170
4195 163
4196 154
4197 152
4198 141
4199 133
4200 123
4201 115
4202 102
4203 91
4204 82
4205 70
4206 62
4207 49
4208 35
4209 29
4210 21
4211 14
4212 10
4213 5
4214 -1
4215 -5
4216 -12
4217 -8
4218 -14
4219 -16
4220 -16
4221 -16
4222 -15
4223 -19
4224 -16
4225 -20
4226 -20
4227 -22
4228 -23
4229 -18
4230 -19
4231 -18
4232 -16
4233 -20
4234 -19
4235 -15
4236 -16
4237 -16
4238 -17
4239 -21
4240 -22
4241 -19
4242 -20
4243 -26
4244 -19
4245 -17
4246 -19
4247 -21
4248 -20
4249 -21
4250 -23
4251 -21
4252 -24
4253 -25
4254 -21
4255 -23
4256 -28
4257 -27
4258 -26
4259 -27
4260 -30
4261 -25
4262 -28
4263 -27
4264 -28
4265 -26
4266 -24
4267 -27
4268 -27
4269 -23
4270 -30
4271 -26
4272 -28
4273 -27
4274 -28
4275 -21
4276 -28
4277 -27
4278 -29
4279 -30
4280 -28
4281 -26
4282 -18
4283 -16
4284 -10
4285 -3
4286 4
4287 7
4288 8
4289 10
4290 -4
4291 -6
4292 -8
4293 -15
4294 -16
4295 -22
4296 -37
4297 -35
4298 -39
4299 -43
4300 -45
4301 -42
4302 -40
4303 -42
4304 -47
4305 -45
4306 -44
4307 -47
4308 -46
4309 -48
4310 -43
4311 -45
4312 -47
4313 -43
4314 -43
4315 -43
4316 -44
4317 -46
4318 -49
4319 -45
4320 -43
4321 -42
4322 -40
4323 -40
4324 -40
4325 -35
4326 -22
4327 -13
4328 -27
4329 -84
4330 -184
4331 -321
4332 -450
4333 -544
4334 -592
4335 -590
4336 -567
4337 -524
4338 -497
4339 -469
4340 -431
4341 -393
4342 -373
4343 -349
4344 -322
4345 -290
4346 -265
4347 -242
4348 -215
4349 -187
4350 -158
4351 -127
4352 -100
4353 -66
4354 -35
4355 -4
4356 22
4357 35
4358 49
4359 56
4360 60
4361 66
4362 68
4363 73
4364 79
4365 81
4366 77
4367 87
4368 87
4369 88
4370 90
4371 96
4372 100
4373 104
4374 111
4375 114
4376 119
4377 124
4378 127
4379 133
4380 139
4381 142
4382 148
4383 153
4384 159
4385 160
4386 166
4387 170
4388 174
4389 178
4390 176
4391 171
4392 176
4393 171
4394 170
4395 165
4396 161
4397 149
4398 142
4399 132
4400 125
4401 114
4402 107
4403 94
4404 86
4405 74
4406 66
4407 61
4408 49
4409 39
4410 28
4411 26
4412 25
4413 17
4414 19
4415 8
4416 7
4417 6
4418 5
4419 2
4420 4
4421 3
4422 4
4423 -1
4424 -1
4425 0
4426 4
4427 0
4428 1
4429 2
4430 7
4431 9
4432 2
4433 3
4434 1
4435 0
4436 6
4437 1
4438 1
4439 4
4440 3
4441 6
4442 10
4443 7
4444 11
4445 6
4446 5
4447 9
4448 7
4449 5
4450 6
4451 8
4452 6
4453 4
4454 5
4455 8
4456 3
4457 5
4458 5
4459 8
4460 9
4461 3
4462 5
4463 8
4464 4
4465 8
4466 6
4467 6
4468 8
4469 4
4470 3
4471 8
4472 7
4473 8
4474 4
4475 8
4476 6
4477 6
4478 5
4479 6
4480 16
4481 25
4482 32
4483 37
4484 38
4485 46
4486 45
4487 46
4488 45
4489 38
4490 27
4491 28
4492 25
4493 24
4494 15
4495 9
4496 2
4497 2
4498 3
4499 3
4500 2
4501 1
4502 0
4503 0
4504 -1
4505 -2
4506 -6
4507 -4
4508 -3
4509 -6
4510 -4
4511 -6
4512 -2
4513 0
4514 -1
4515 -4
4516 -8
4517 -8
4518 -3
4519 -7
4520 -8
4521 -4
4522 -6
4523 -13
4524 -2
4525 8
4526 21
4527 18
4528 -16
4529 -96
4530 -220
4531 -365
4532 -482
4533 -559
4534 -579
4535 -563
4536 -532
4537 -502
4538 -466
4539 -451
4540 -415
4541 -381
4542 -356
4543 -331
4544 -299
4545 -271
4546 -245
4547 -221
4548 -206
4549 -180
4550 -144
4551 -120
4552 -89
4553 -52
4554 -17
4555 18
4556 49
4557 66
4558 79
4559 91
4560 93
4561 97
4562 100
4563 108
4564 117
4565 114
4566 122
4567 124
4568 123
4569 127
4570 133
4571 135
4572 138
4573 143
4574 149
4575 147
4576 154
4577 154
4578 155
4579 161
4580 171
4581 176
4582 179
4583 185
4584 184
4585 187
4586 192
4587 201
4588 204
4589 205
4590 209
4591 207
4592 206
4593 201
4594 194
4595 189
4596 182
4597 180
4598 168
4599 162
4600 154
4601 141
4602 131
4603 123
4604 112
4605 99
4606 87
4607 85
4608 72
4609 61
4610 54
4611 42
4612 36
4613 31
4614 23
4615 20
4616 21
4617 20
4618 15
4619 13
4620 12
4621 9
4622 7
4623 6
4624 10
4625 13
4626 9
4627 10
4628 11
4629 9
4630 13
4631 11
4632 8
4633 8
4634 11
4635 8
4636 9
4637 7
4638 6
4639 7
4640 7
4641 7
4642 7
4643 8
4644 3
4645 7
4646 9
4647 9
4648 8
4649 6
4650 4
4651 1
4652 2
4653 -1
4654 6
4655 3
4656 -2
4657 0
4658 -5
4659 -5
4660 0
4661 -5
4662 -7
4663 -5
4664 -4
4665 -9
4666 -14
4667 -10
4668 -9
4669 -10
4670 -5
4671 -13
4672 -12
4673 -9
4674 -11
4675 -17
4676 -15
4677 -10
4678 -16
4679 -10
4680 -4
4681 5
4682 7
4683 9
4684 15
4685 26
4686 24
4687 27
4688 22
4689 15
4690 9
4691 5
4692 -3
4693 -5
4694 -7
4695 -13
4696 -21
4697 -22
4698 -23
4699 -22
4700 -19
4701 -21
4702 -25
4703 -27
4704 -26
4705 -21
4706 -24
4707 -21
4708 -27
4709 -24
4710 -23
4711 -26
4712 -26
4713 -24
4714 -22
4715 -20
4716 -29
4717 -29
4718 -28
4719 -24
4720 -29
4721 -32
4722 -26
4723 -25
4724 -12
4725 -2
4726 -1
4727 -49
4728 -137
4729 -269
4730 -405
4731 -515
4732 -582
4733 -595
4734 -578
4735 -540
4736 -500
4737 -473
4738 -443
4739 -407
4740 -379
4741 -351
4742 -329
4743 -298
4744 -265
4745 -245
4746 -224
4747 -189
4748 -158
4749 -128
4750 -94
4751 -65
4752 -27
4753 -1
4754 29
4755 44
4756 58
4757 61
4758 67
4759 77
4760 76
4761 75
4762 79
4763 82
4764 86
4765 90
4766 91
4767 93
4768 95
4769 98
4770 106
4771 110
4772 112
4773 115
4774 123
4775 123
4776 127
4777 133
4778 139
4779 142
4780 149
4781 153
4782 156
4783 157
4784 166
4785 161
4786 169
4787 170
4788 171
4789 169
4790 165
4791 161
4792 156
4793 151
4794 138
4795 139
4796 127
4797 119
4798 108
4799 97
4800 83
4801 70
4802 62
4803 53
4804 48
4805 38
4806 26
4807 18
4808 11
4809 5
4810 -5
4811 -5
4812 -10
4813 -12
4814 -15
4815 -13
4816 -12
4817 -16
4818 -15
4819 -24
4820 -19
4821 -18
4822 -16
4823 -16
4824 -16
4825 -16
4826 -18
4827 -15
4828 -14
4829 -17
4830 -16
4831 -15
4832 -16
4833 -11
4834 -12
4835 -15
4836 -14
4837 -15
4838 -7
4839 -14
4840 -11
4841 -12
4842 -14
4843 -15
4844 -17
4845 -23
4846 -20
4847 -16
4848 -22
4849 -20
4850 -25
4851 -23
4852 -26
4853 -25
4854 -21
4855 -23
4856 -23
4857 -24
4858 -24
4859 -27
4860 -28
4861 -27
4862 -28
4863 -29
4864 -28
4865 -24
4866 -32
4867 -34
4868 -29
4869 -30
4870 -27
4871 -29
4872 -32
4873 -29
4874 -30
4875 -30
4876 -29
4877 -27
4878 -29
4879 -27
4880 -18
4881 -12
4882 -9
4883 -2
4884 3
4885 7
4886 8
4887 12
4888 9
4889 4
4890 -3
4891 -8
4892 -14
4893 -17
4894 -24
4895 -28
4896 -32
4897 -36
4898 -34
4899 -34
4900 -36
4901 -37
4902 -42
4903 -39
4904 -43
4905 -39
4906 -42
4907 -45
4908 -44
4909 -39
4910 -38
4911 -42
4912 -41
4913 -44
4914 -42
4915 -37
4916 -42
4917 -42
4918 -40
4919 -41
4920 -39
4921 -41
4922 -41
4923 -38
4924 -29
4925 -11
4926 -8
4927 -54
4928 -127
4929 -248
4930 -400
4931 -518
4932 -588
4933 -610
4934 -598
4935 -566
4936 -526
4937 -498
4938 -464
4939 -428
4940 -394
4941 -370
4942 -342
4943 -309
4944 -284
4945 -262
4946 -238
4947 -209
4948 -184
4949 -150
4950 -120
4951 -85
4952 -48
4953 -15
4954 17
4955 40
4956 50
4957 63
4958 71
4959 80
4960 84
4961 89
4962 92
4963 94
4964 100
4965 105
4966 106
4967 107
4968 112
4969 113
4970 117
4971 125
4972 129
4973 129
4974 135
4975 141
4976 142
4977 150
4978 157
4979 161
4980 161
4981 167
4982 170
4983 176
4984 180
4985 187
4986 192
4987 195
4988 198
4989 197
4990 192
4991 192
4992 184
4993 182
4994 175
4995 170
4996 162
4997 154
4998 142
4999 128
5000 117
5001 109
5002 100
5003 92
5004 80
5005 67
5006 58
5007 46
5008 39
5009 32
5010 27
5011 30
5012 21
5013 19
5014 14
5015 11
5016 6
5017 4
5018 6
5019 6
5020 4
5021 3
5022 1
5023 0
5024 3
5025 3
5026 1
5027 2
5028 6
5029 10
5030 7
5031 12
5032 7
5033 10
5034 9
5035 9
5036 7
5037 12
5038 5
5039 10
5040 10
5041 7
5042 7
5043 3
5044 10
5045 8
5046 5
5047 6
5048 5
5049 5
5050 2
5051 1
5052 0
5053 3
5054 1
5055 0
5056 -2
5057 -3
5058 -2
5059 -3
5060 -1
5061 -4
5062 -4
5063 -3
5064 -3
5065 -4
5066 -7
5067 -3
5068 -5
5069 -4
5070 -6
5071 -7
5072 0
5073 -4
5074 -3
5075 -2
5076 8
5077 15
5078 16
5079 25
5080 30
5081 34
5082 34
5083 30
5084 35
5085 23
5086 20
5087 12
5088 13
5089 11
5090 0
5091 -6
5092 -8
5093 -8
5094 -14
5095 -16
5096 -12
5097 -13
5098 -20
5099 -18
5100 -13
5101 -18
5102 -16
5103 -20
5104 -18
5105 -16
5106 -18
5107 -20
5108 -17
5109 -21
5110 -22
5111 -20
5112 -18
5113 -14
5114 -14
5115 -20
5116 -17
5117 -21
5118 -20
5119 -16
5120 -1
5121 14
5122 8
5123 -33
5124 -115
5125 -246
5126 -403
5127 -514
5128 -590
5129 -612
5130 -594
5131 -559
5132 -518
5133 -491
5134 -472
5135 -434
5136 -396
5137 -367
5138 -339
5139 -311
5140 -280
5141 -257
5142 -230
5143 -210
5144 -176
5145 -142
5146 -110
5147 -74
5148 -36
5149 0
5150 29
5151 50
5152 64
5153 80
5154 78
5155 81
5156 85
5157 88
5158 91
5159 98
5160 103
5161 97
5162 103
5163 104
5164 102
5165 110
5166 115
5167 119
5168 118
5169 122
5170 126
5171 131
5172 137
5173 142
5174 150
5175 153
5176 153
5177 163
5178 164
5179 171
5180 174
5181 175
5182 180
5183 183
5184 181
5185 187
5186 182
5187 182
5188 176
5189 173
5190 168
5191 160
5192 153
5193 145
5194 134
5195 120
5196 113
5197 102
5198 90
5199 75
5200 67
5201 56
5202 48
5203 39
5204 25
5205 20
5206 14
5207 5
5208 4
5209 -1
5210 -1
5211 -3
5212 -8
5213 -10
5214 -8
5215 -9
5216 -12
5217 -12
5218 -9
5219 -14
5220 -20
5221 -12
5222 -18
5223 -11
5224 -12
5225 -13
5226 -16
5227 -12
5228 -14
5229 -15
5230 -13
5231 -16
5232 -10
5233 -12
5234 -16
5235 -14
5236 -13
5237 -13
5238 -12
5239 -14
5240 -15
5241 -16
5242 -19
5243 -20
5244 -18
5245 -21
5246 -18
5247 -22
5248 -21
5249 -18
5250 -22
5251 -22
5252 -30
5253 -26
5254 -25
5255 -24
5256 -30
5257 -30
5258 -28
5259 -24
5260 -31
5261 -32
5262 -28
5263 -28
5264 -28
5265 -33
5266 -39
5267 -37
5268 -36
5269 -34
5270 -34
5271 -36
5272 -36
5273 -36
5274 -35
5275 -35
5276 -34
5277 -35
5278 -32
5279 -25
5280 -18
5281 -18
5282 -12
5283 -6
5284 1
5285 6
5286 3
5287 -4
5288 -10
5289 -9
5290 -14
5291 -21
5292 -29
5293 -30
5294 -42
5295 -44
5296 -44
5297 -46
5298 -45
5299 -46
5300 -45
5301 -45
5302 -46
5303 -51
5304 -48
5305 -47
5306 -48
5307 -45
5308 -46
5309 -46
5310 -44
5311 -50
5312 -49
5313 -50
5314 -48
5315 -48
5316 -48
5317 -54
5318 -47
5319 -47
5320 -49
5321 -54
5322 -47
5323 -40
5324 -30
5325 -20
5326 -34
5327 -85
5328 -170
5329 -299
5330 -433
5331 -543
5332 -603
5333 -612
5334 -595
5335 -561
5336 -524
5337 -495
5338 -459
5339 -417
5340 -393
5341 -370
5342 -339
5343 -316
5344 -288
5345 -260
5346 -237
5347 -208
5348 -182
5349 -147
5350 -122
5351 -96
5352 -57
5353 -29
5354 0
5355 17
5356 33
5357 40
5358 47
5359 51
5360 62
5361 62
5362 62
5363 63
5364 69
5365 72
5366 76
5367 80
5368 75
5369 79
5370 87
5371 91
5372 91
5373 93
5374 101
5375 102
5376 106
5377 107
5378 110
5379 122
5380 124
5381 129
5382 131
5383 132
5384 138
5385 145
5386 150
5387 148
5388 154
5389 153
5390 152
5391 147
5392 145
5393 144
5394 141
5395 130
5396 127
5397 119
5398 108
5399 96
5400 91
5401 77
5402 70
5403 56
5404 49
5405 37
5406 31
5407 21
5408 16
5409 8
5410 2
5411 0
5412 -5
5413 -8
5414 -13
5415 -16
5416 -14
5417 -19
5418 -21
5419 -18
5420 -25
5421 -23
5422 -19
5423 -19
5424 -20
5425 -23
5426 -23
5427 -21
5428 -17
5429 -18
5430 -21
5431 -18
5432 -19
5433 -14
5434 -19
5435 -14
5436 -11
5437 -10
5438 -13
5439 -12
5440 -15
5441 -7
5442 -13
5443 -11
5444 -7
5445 -7
5446 -13
5447 -6
5448 -8
5449 -6
5450 -10
5451 -9
5452 -11
5453 -7
5454 -17
5455 -12
5456 -14
5457 -12
5458 -12
5459 -12
5460 -16
5461 -19
5462 -16
5463 -19
5464 -17
5465 -18
5466 -14
5467 -12
5468 -16
5469 -18
5470 -16
5471 -11
5472 -17
5473 -12
5474 -12
5475 -14
5476 -18
5477 -15
5478 -20
5479 -19
5480 -12
5481 -13
5482 -4
5483 2
5484 7
5485 12
5486 18
5487 27
5488 29
5489 33
5490 35
5491 32
5492 28
5493 18
5494 16
5495 11
5496 7
5497 6
5498 -9
5499 -13
5500 -10
5501 -12
5502 -8
5503 -8
5504 -11
5505 -14
5506 -16
5507 -15
5508 -16
5509 -18
5510 -14
5511 -16
5512 -13
5513 -22
5514 -18
5515 -21
5516 -17
5517 -18
5518 -20
5519 -23
5520 -19
5521 -18
5522 -21
5523 -27
5524 -26
5525 -25
5526 -21
5527 -17
5528 -7
5529 4
5530 -3
5531 -53
5532 -133
5533 -271
5534 -418
5535 -535
5536 -601
5537 -607
5538 -584
5539 -553
5540 -514
5541 -491
5542 -466
5543 -425
5544 -392
5545 -362
5546 -335
5547 -304
5548 -270
5549 -249
5550 -226
5551 -201
5552 -173
5553 -145
5554 -121
5555 -79
5556 -43
5557 -7
5558 24
5559 47
5560 68
5561 76
5562 84
5563 89
5564 92
5565 97
5566 102
5567 103
5568 102
5569 106
5570 115
5571 120
5572 116
5573 121
5574 125
5575 127
5576 132
5577 134
5578 141
5579 143
5580 146
5581 153
5582 155
5583 163
5584 166
5585 166
5586 179
5587 181
5588 184
5589 187
5590 192
5591 193
5592 198
5593 201
5594 199
5595 199
5596 195
5597 195
5598 190
5599 179
5600 175
5601 169
5602 154
5603 149
5604 142
5605 127
5606 118
5607 110
5608 95
5609 86
5610 79
5611 69
5612 58
5613 49
5614 39
5615 30
5616 32
5617 21
5618 17
5619 20
5620 15
5621 11
5622 9
5623 1
5624 2
5625 3
5626 2
5627 6
5628 6
5629 8
5630 4
5631 8
5632 7
5633 6
5634 3
5635 3
5636 4
5637 3
5638 4
5639 8
5640 6
5641 13
5642 12
5643 12
5644 11
5645 15
5646 5
5647 5
5648 9
5649 5
5650 9
5651 9
5652 5
5653 3
5654 7
5655 7
5656 2
5657 3
5658 1
5659 -1
5660 -1
5661 1
5662 1
5663 -3
5664 0
5665 0
5666 0
5667 -6
5668 -2
5669 -5
5670 -4
5671 -5
5672 -4
5673 -6
5674 -5
5675 -7
5676 -7
5677 -8
5678 -9
5679 -12
5680 -8
5681 -3
5682 -1
5683 4
5684 9
5685 14
5686 20
5687 26
5688 26
5689 26
5690 28
5691 22
5692 12
5693 3
5694 -4
5695 -4
5696 -10
5697 -18
5698 -21
5699 -22
5700 -26
5701 -21
5702 -26
5703 -24
5704 -26
5705 -26
5706 -24
5707 -28
5708 -28
5709 -30
5710 -29
5711 -27
5712 -31
5713 -32
5714 -27
5715 -32
5716 -32
5717 -29
5718 -28
5719 -31
5720 -30
5721 -31
5722 -32
5723 -37
5724 -31
5725 -33
5726 -30
5727 -15
5728 -1
5729 -19
5730 -72
5731 -171
5732 -315
5733 -452
5734 -560
5735 -616
5736 -610
5737 -590
5738 -546
5739 -508
5740 -484
5741 -444
5742 -408
5743 -388
5744 -359
5745 -327
5746 -296
5747 -268
5748 -246
5749 -218
5750 -186
5751 -155
5752 -128
5753 -94
5754 -56
5755 -18
5756 8
5757 31
5758 41
5759 51
5760 57
5761 58
5762 65
5763 66
5764 73
5765 71
5766 74
5767 78
5768 78
5769 80
5770 82
5771 90
5772 89
5773 93
5774 99
5775 100
5776 103
5777 105
5778 109
5779 117
5780 121
5781 121
5782 129
5783 133
5784 139
5785 145
5786 146
5787 149
5788 156
5789 163
5790 156
5791 157
5792 160
5793 156
5794 156
5795 147
5796 141
5797 135
5798 121
5799 116
5800 111
5801 96
5802 86
5803 73
5804 66
5805 56
5806 43
5807 35
5808 21
5809 15
5810 5
5811 3
5812 -8
5813 -13
5814 -19
5815 -20
5816 -22
5817 -23
5818 -28
5819 -32
5820 -35
5821 -26
5822 -31
5823 -31
5824 -32
5825 -31
5826 -31
5827 -26
5828 -30
5829 -32
5830 -31
5831 -29
5832 -27
5833 -28
5834 -30
5835 -29
5836 -30
5837 -30
5838 -27
5839 -28
5840 -28
5841 -31
5842 -31
5843 -34
5844 -29
5845 -30
5846 -36
5847 -32
5848 -32
5849 -32
5850 -39
5851 -31
5852 -32
5853 -34
5854 -36
5855 -38
5856 -35
5857 -40
5858 -37
5859 -39
5860 -39
5861 -45
5862 -46
5863 -44
5864 -47
5865 -46
5866 -44
5867 -48
5868 -48
5869 -45
5870 -46
5871 -54
5872 -50
5873 -45
5874 -50
5875 -47
5876 -55
5877 -53
5878 -51
5879 -49
5880 -48
5881 -53
5882 -48
5883 -39
5884 -29
5885 -28
5886 -24
5887 -15
5888 -15
5889 -15
5890 -15
5891 -19
5892 -26
5893 -32
5894 -34
5895 -36
5896 -43
5897 -52
5898 -59
5899 -58
5900 -62
5901 -61
5902 -66
5903 -62
5904 -67
5905 -63
5906 -67
5907 -62
5908 -62
5909 -66
5910 -66
5911 -65
5912 -64
5913 -70
5914 -67
5915 -69
5916 -68
5917 -67
5918 -69
5919 -64
5920 -70
5921 -72
5922 -69
5923 -63
5924 -70
5925 -65
5926 -53
5927 -37
5928 -40
5929 -82
5930 -162
5931 -294
5932 -438
5933 -555
5934 -621
5935 -636
5936 -618
5937 -582
5938 -543
5939 -518
5940 -481
5941 -448
5942 -415
5943 -393
5944 -367
5945 -336
5946 -307
5947 -282
5948 -259
5949 -229
5950 -201
5951 -168
5952 -135
5953 -103
5954 -68
5955 -28
5956 0
5957 17
5958 31
5959 40
5960 43
5961 48
5962 53
5963 57
5964 61
5965 65
5966 69
5967 71
5968 71
5969 73
5970 82
5971 82
5972 88
5973 92
5974 95
5975 101
5976 108
5977 112
5978 118
5979 117
5980 126
5981 127
5982 136
5983 140
5984 145
5985 150
5986 152
5987 157
5988 158
5989 159
5990 156
5991 160
5992 164
5993 157
5994 148
5995 144
5996 138
5997 132
5998 121
5999 111
6000 103
6001 88
6002 84
6003 72
6004 67
6005 50
6006 43
6007 33
6008 24
6009 19
6010 12
6011 2
6012 2
6013 -1
6014 -5
6015 -11
6016 -6
6017 -8
6018 -14
6019 -14
6020 -11
6021 -13
6022 -13
6023 -11
6024 -17
6025 -12
6026 -16
6027 -11
6028 -14
6029 -12
6030 -11
6031 -12
6032 -8
6033 -8
6034 -13
6035 -11
6036 -6
6037 -13
6038 -8
6039 -6
6040 -7
6041 -9
6042 -8
6043 -8
6044 -9
6045 -6
6046 -9
6047 -2
6048 -3
6049 -6
6050 -13
6051 -12
6052 -14
6053 -12
6054 -14
6055 -11
6056 -15
6057 -8
6058 -11
6059 -11
6060 -16
6061 -14
6062 -17
6063 -15
6064 -12
6065 -14
6066 -13
6067 -18
6068 -10
6069 -18
6070 -10
6071 -16
6072 -16
6073 -12
6074 -15
6075 -18
6076 -13
6077 -11
6078 -9
6079 0
6080 12
6081 15
6082 20
6083 25
6084 26
6085 24
6086 16
6087 12
6088 12
6089 3
6090 -1
6091 -7
6092 -12
6093 -13
6094 -20
6095 -23
6096 -21
6097 -20
6098 -21
6099 -23
6100 -27
6101 -27
6102 -27
6103 -30
6104 -23
6105 -23
6106 -24
6107 -28
6108 -21
6109 -27
6110 -28
6111 -28
6112 -24
6113 -27
6114 -28
6115 -27
6116 -31
6117 -29
6118 -32
6119 -30
6120 -26
6121 -24
6122 -4
6123 8
6124 -14
6125 -70
6126 -174
6127 -324
6128 -459
6129 -563
6130 -613
6131 -614
6132 -586
6133 -551
6134 -513
6135 -492
6136 -453
6137 -419
6138 -386
6139 -360
6140 -323
6141 -296
6142 -264
6143 -243
6144 -217
6145 -190
6146 -153
6147 -125
6148 -94
6149 -57
6150 -17
6151 15
6152 43
6153 61
6154 71
6155 77
6156 83
6157 87
6158 94
6159 99
6160 99
6161 103
6162 108
6163 110
6164 107
6165 108
6166 114
6167 123
6168 124
6169 124
6170 130
6171 131
6172 135
6173 140
6174 143
6175 151
6176 152
6177 156
6178 163
6179 167
6180 166
6181 179
6182 182
6183 186
6184 189
6185 195
6186 191
6187 195
6188 191
6189 185
6190 187
6191 182
6192 177
6193 168
6194 164
6195 157
6196 146
6197 138
6198 128
6199 117
6200 106
6201 97
6202 87
6203 80
6204 71
6205 66
6206 62
6207 53
6208 42
6209 39
6210 33
6211 28
6212 27
6213 23
6214 19
6215 19
6216 16
6217 14
6218 11
6219 11
6220 13
6221 7
6222 8
6223 13
6224 10
6225 12
6226 9
6227 11
6228 12
6229 13
6230 15
6231 16
6232 14
6233 15
6234 15
6235 11
6236 12
6237 13
6238 11
6239 13
6240 14
6241 11
6242 12
6243 9
6244 5
6245 9
6246 9
6247 12
6248 10
6249 8
6250 5
6251 6
6252 9
6253 3
6254 4
6255 3
6256 6
6257 4
6258 3
6259 2
6260 -2
6261 3
6262 1
6263 2
6264 0
6265 3
6266 2
6267 0
6268 2
6269 -1
6270 -1
6271 -7
6272 -6
6273 -7
6274 -8
6275 -4
6276 0
6277 9
6278 12
6279 20
6280 23
6281 28
6282 28
6283 36
6284 28
6285 23
6286 18
6287 12
6288 8
6289 6
6290 2
6291 -2
6292 -13
6293 -13
6294 -15
6295 -13
6296 -12
6297 -16
6298 -17
6299 -17
6300 -23
6301 -20
6302 -24
6303 -22
6304 -23
6305 -21
6306 -26
6307 -19
6308 -24
6309 -18
6310 -22
6311 -22
6312 -28
6313 -28
6314 -23
6315 -24
6316 -23
6317 -22
6318 -23
6319 -27
6320 -23
6321 -21
6322 -14
6323 -3
6324 6
6325 -21
6326 -85
6327 -182
6328 -321
6329 -451
6330 -544
6331 -599
6332 -600
6333 -570
6334 -528
6335 -500
6336 -475
6337 -441
6338 -403
6339 -384
6340 -357
6341 -331
6342 -305
6343 -279
6344 -249
6345 -229
6346 -200
6347 -173
6348 -146
6349 -113
6350 -78
6351 -44
6352 -15
6353 11
6354 35
6355 53
6356 59
6357 66
6358 73
6359 79
6360 83
6361 81
6362 86
6363 85
6364 88
6365 90
6366 92
6367 95
6368 94
6369 98
6370 103
6371 106
6372 107
6373 112
6374 111
6375 118
6376 118
6377 122
6378 128
6379 126
6380 132
6381 139
6382 143
6383 147
6384 151
6385 155
6386 162
6387 161
6388 165
6389 166
6390 166
6391 164
6392 158
6393 154
6394 146
6395 137
6396 128
6397 122
6398 117
6399 108
6400 95
6401 88
6402 76
6403 68
6404 60
6405 53
6406 38
6407 29
6408 22
6409 12
6410 8
6411 -1
6412 -1
6413 -3
6414 -12
6415 -7
6416 -13
6417 -14
6418 -14
6419 -20
6420 -20
6421 -22
6422 -18
6423 -17
6424 -19
6425 -20
6426 -21
6427 -18
6428 -23
6429 -21
6430 -21
6431 -24
6432 -20
6433 -21
6434 -18
6435 -13
6436 -14
6437 -18
6438 -16
6439 -14
6440 -19
6441 -14
6442 -19
6443 -16
6444 -14
6445 -13
6446 -10
6447 -17
6448 -14
6449 -20
6450 -18
6451 -20
6452 -16
6453 -18
6454 -16
6455 -21
6456 -20
6457 -21
6458 -23
6459 -23
6460 -20
6461 -22
6462 -25
6463 -22
6464 -25
6465 -25
6466 -28
6467 -26
6468 -22
6469 -22
6470 -20
6471 -22
6472 -23
6473 -26
6474 -25
6475 -25
6476 -23
6477 -25
6478 -22
6479 -21
6480 -21
6481 -21
6482 -21
6483 -20
6484 -15
6485 -6
6486 -1
6487 4
6488 10
6489 13
6490 18
6491 15
6492 16
6493 12
6494 3
6495 -4
6496 -8
6497 -4
6498 -12
6499 -19
6500 -23
6501 -26
6502 -22
6503 -23
6504 -24
6505 -27
6506 -27
6507 -27
6508 -29
6509 -28
6510 -24
6511 -25
6512 -25
6513 -24
6514 -25
6515 -29
6516 -28
6517 -29
6518 -27
6519 -25
6520 -23
6521 -29
6522 -27
6523 -24
6524 -30
6525 -24
6526 -22
6527 -24
6528 -20
6529 -9
6530 4
6531 -8
6532 -62
6533 -142
6534 -273
6535 -412
6536 -526
6537 -595
6538 -614
6539 -600
6540 -568
6541 -530
6542 -500
6543 -477
6544 -441
6545 -409
6546 -382
6547 -353
6548 -322
6549 -296
6550 -271
6551 -244
6552 -212
6553 -185
6554 -151
6555 -124
6556 -89
6557 -50
6558 -15
6559 16
6560 41
6561 56
6562 71
6563 80
6564 84
6565 91
6566 91
6567 100
6568 101
6569 102
6570 103
6571 107
6572 113
6573 114
6574 115
6575 117
6576 123
6577 126
6578 129
6579 131
6580 137
6581 143
6582 147
6583 151
6584 158
6585 158
6586 166
6587 172
6588 174
6589 181
6590 183
6591 183
6592 188
6593 194
6594 196
6595 196
6596 194
6597 199
6598 188
6599 189
6600 186
6601 177
6602 170
6603 165
6604 152
6605 143
6606 135
6607 127
6608 116
6609 111
6610 100
6611 81
6612 73
6613 64
6614 52
6615 49
6616 35
6617 35
6618 30
6619 21
6620 18
6621 15
6622 12
6623 9
6624 6
6625 7
6626 7
6627 5
6628 5
6629 5
6630 5
6631 7
6632 5
6633 5
6634 7
6635 8
6636 3
6637 5
6638 12
6639 8
6640 7
6641 8
6642 10
6643 8
6644 9
6645 11
6646 6
6647 7
6648 11
6649 7
6650 9
6651 8
6652 14
6653 14
6654 8
6655 11
6656 11
6657 10
6658 9
6659 8
6660 7
6661 10
6662 6
6663 4
6664 5
6665 4
6666 6
6667 5
6668 1
6669 1
6670 1
6671 2
6672 0
6673 -2
6674 -2
6675 -1
6676 2
6677 -3
6678 -4
6679 -2
6680 -1
6681 4
6682 8
6683 17
6684 21
6685 23
6686 31
6687 34
6688 33
6689 29
6690 26
6691 18
6692 14
6693 8
6694 9
6695 7
6696 -3
6697 -11
6698 -11
6699 -14
6700 -14
6701 -10
6702 -14
6703 -19
6704 -16
6705 -19
6706 -22
6707 -20
6708 -21
6709 -21
6710 -19
6711 -18
6712 -22
6713 -22
6714 -28
6715 -26
6716 -26
6717 -23
6718 -25
6719 -26
6720 -26
6721 -21
6722 -23
6723 -23
6724 -20
6725 -20
6726 -12
6727 8
6728 8
6729 -24
6730 -93
6731 -219
6732 -369
6733 -494
6734 -584
6735 -608
6736 -596
6737 -566
6738 -524
6739 -500
6740 -477
6741 -434
6742 -401
6743 -370
6744 -337
6745 -307
6746 -276
6747 -251
6748 -224
6749 -195
6750 -163
6751 -135
6752 -105
6753 -58
6754 -24
6755 16
6756 45
6757 64
6758 76
6759 90
6760 96
6761 103
6762 106
6763 104
6764 107
6765 116
6766 119
6767 119
6768 122
6769 125
6770 132
6771 135
6772 133
6773 139
6774 143
6775 149
6776 148
6777 158
6778 163
6779 168
6780 167
6781 176
6782 184
6783 182
6784 188
6785 194
6786 198
6787 198
6788 202
6789 205
6790 209
6791 213
6792 206
6793 204
6794 204
6795 193
6796 186
6797 179
6798 176
6799 162
6800 151
6801 142
6802 129
6803 121
6804 110
6805 96
6806 87
6807 77
6808 67
6809 52
6810 51
6811 44
6812 38
6813 33
6814 31
6815 24
6816 22
6817 17
6818 12
6819 15
6820 13
6821 13
6822 10
6823 11
6824 11
6825 12
6826 16
6827 10
6828 7
6829 6
6830 9
6831 5
6832 6
6833 7
6834 10
6835 5
6836 8
6837 12
6838 10
6839 9
6840 12
6841 11
6842 11
6843 10
6844 8
6845 6
6846 10
6847 8
6848 12
6849 11
6850 9
6851 11
6852 9
6853 4
6854 5
6855 8
6856 1
6857 3
6858 3
6859 -1
6860 -5
6861 -4
6862 -3
6863 -3
6864 -3
6865 -2
6866 -7
6867 -7
6868 -7
6869 -6
6870 -6
6871 -10
6872 -8
6873 -7
6874 -5
6875 -9
6876 -13
6877 -12
6878 -11
6879 0
6880 1
6881 11
6882 12
6883 17
6884 24
6885 26
6886 28
6887 27
6888 20
6889 12
6890 4
6891 3
6892 2
6893 -8
6894 -16
6895 -25
6896 -31
6897 -32
6898 -24
6899 -23
6900 -28
6901 -24
6902 -24
6903 -29
6904 -25
6905 -29
6906 -35
6907 -24
6908 -31
6909 -30
6910 -34
6911 -29
6912 -31
6913 -32
6914 -33
6915 -34
6916 -27
6917 -32
6918 -34
6919 -35
6920 -33
6921 -28
6922 -28
6923 -16
6924 -1
6925 -17
6926 -76
6927 -177
6928 -322
6929 -462
6930 -561
6931 -615
6932 -620
6933 -592
6934 -557
6935 -514
6936 -488
6937 -454
6938 -420
6939 -397
6940 -370
6941 -339
6942 -310
6943 -284
6944 -255
6945 -226
6946 -198
6947 -166
6948 -137
6949 -101
6950 -62
6951 -28
6952 1
6953 26
6954 48
6955 57
6956 66
6957 71
6958 71
6959 77
6960 81
6961 84
6962 87
6963 94
6964 91
6965 93
6966 96
6967 100
6968 101
6969 106
6970 109
6971 111
6972 122
6973 119
6974 122
6975 130
6976 134
6977 139
6978 146
6979 147
6980 150
6981 156
6982 162
6983 166
6984 164
6985 170
6986 174
6987 169
6988 168
6989 166
6990 163
6991 158
6992 155
6993 143
6994 137
6995 126
6996 115
6997 108
6998 94
6999 87
7000 71
7001 59
7002 49
7003 42
7004 29
7005 20
7006 15
7007 7
7008 1
7009 1
7010 -5
7011 -6
7012 -3
7013 -5
7014 -12
7015 -11
7016 -13
7017 -12
7018 -12
7019 -13
7020 -12
7021 -12
7022 -12
7023 -6
7024 -8
7025 -6
7026 -9
7027 -4
7028 -4
7029 -5
7030 0
7031 0
7032 -5
7033 -3
7034 -3
7035 1
7036 -3
7037 -3
7038 0
7039 -4
7040 -4
7041 -3
7042 -1
7043 -2
7044 -5
7045 -3
7046 -1
7047 -2
7048 -6
7049 -8
7050 -7
7051 -5
7052 -10
7053 -12
7054 -5
7055 -7
7056 -5
7057 -10
7058 -2
7059 -9
7060 -9
7061 -10
7062 -10
7063 -9
7064 -8
7065 -9
7066 -15
7067 -11
7068 -10
7069 -8
7070 -9
7071 -7
7072 -4
7073 -4
7074 6
7075 11
7076 15
7077 16
7078 26
7079 31
7080 32
7081 33
7082 30
7083 25
7084 17
7085 9
7086 12
7087 12
7088 -3
7089 -7
7090 -13
7091 -11
7092 -12
7093 -13
7094 -11
7095 -12
7096 -15
7097 -16
7098 -20
7099 -15
7100 -19
7101 -17
7102 -12
7103 -12
7104 -15
7105 -17
7106 -13
7107 -12
7108 -13
7109 -14
7110 -15
7111 -18
7112 -15
7113 -15
7114 -14
7115 -11
7116 -9
7117 2
7118 17
7119 1
7120 -55
7121 -160
7122 -314
7123 -450
7124 -557
7125 -607
7126 -606
7127 -577
7128 -538
7129 -506
7130 -478
7131 -439
7132 -401
7133 -370
7134 -340
7135 -316
7136 -281
7137 -256
7138 -225
7139 -203
7140 -171
7141 -137
7142 -105
7143 -67
7144 -27
7145 11
7146 43
7147 67
7148 79
7149 93
7150 100
7151 104
7152 112
7153 115
7154 120
7155 122
7156 126
7157 129
7158 129
7159 135
7160 139
7161 141
7162 140
7163 150
7164 151
7165 159
7166 165
7167 170
7168 167
7169 170
7170 177
7171 184
7172 181
7173 189
7174 191
7175 199
7176 204
7177 208
7178 209
7179 214
7180 214
7181 211
7182 214
7183 209
7184 208
7185 202
7186 200
7187 189
7188 180
7189 171
7190 165
7191 154
7192 138
7193 129
7194 118
7195 106
7196 97
7197 87
7198 74
7199 71
7200 60
7201 51
7202 42
7203 43
7204 37
7205 29
7206 27
7207 26
7208 28
7209 27
7210 27
7211 23
7212 28
7213 21
7214 22
7215 21
7216 26
7217 19
7218 22
7219 27
7220 23
7221 24
7222 26
7223 26
7224 20
7225 25
7226 22
7227 23
7228 23
7229 26
7230 27
7231 25
7232 20
7233 24
7234 27
7235 27
7236 23
7237 29
7238 28
7239 26
7240 23
7241 22
7242 28
7243 25
7244 26
7245 22
7246 20
7247 17
7248 21
7249 20
7250 14
7251 20
7252 20
7253 20
7254 16
7255 21
7256 17
7257 18
7258 19
7259 17
7260 15
7261 15
7262 20
7263 21
7264 26
7265 35
7266 39
7267 40
7268 46
7269 53
7270 55
7271 61
7272 55
7273 51
7274 40
7275 31
7276 28
7277 30
7278 26
7279 22
7280 13
7281 7
7282 8
7283 5
7284 7
7285 7
7286 3
7287 0
7288 1
7289 2
7290 -1
7291 1
7292 0
7293 0
7294 0
7295 2
7296 0
7297 2
7298 -1
7299 -1
7300 0
7301 -3
7302 -1
7303 -2
7304 -2
7305 3
7306 1
7307 -2
7308 0
7309 16
7310 31
7311 28
7312 -20
7313 -94
7314 -220
7315 -364
7316 -484
7317 -564
7318 -597
7319 -580
7320 -551
7321 -511
7322 -487
7323 -465
7324 -426
7325 -393
7326 -369
7327 -340
7328 -316
7329 -282
7330 -256
7331 -238
7332 -205
7333 -175
7334 -142
7335 -114
7336 -82
7337 -42
7338 -13
7339 19
7340 50
7341 67
7342 80
7343 89
7344 89
7345 94
7346 101
7347 105
7348 110
7349 113
7350 108
7351 114
7352 117
7353 118
7354 121
7355 121
7356 129
7357 126
7358 135
7359 136
7360 137
7361 139
7362 140
7363 148
7364 157
7365 161
7366 163
7367 166
7368 170
7369 179
7370 178
7371 183
7372 184
7373 184
7374 189
7375 192
7376 189
7377 186
7378 183
7379 183
7380 173
7381 165
7382 162
7383 151
7384 141
7385 132
7386 124
7387 107
7388 98
7389 90
7390 77
7391 70
7392 58
7393 48
7394 38
7395 32
7396 23
7397 21
7398 14
7399 10
7400 8
7401 3
7402 -2
7403 2
7404 -1
7405 -1
7406 -3
7407 -3
7408 -4
7409 -5
7410 -6
7411 -3
7412 -7
7413 -3
7414 -4
7415 -2
7416 -6
7417 -7
7418 -5
7419 -5
7420 -3
7421 -2
7422 -1
7423 0
7424 -2
7425 -2
7426 -6
7427 -8
7428 -2
7429 2
7430 -3
7431 -5
7432 -7
7433 -6
7434 -1
7435 -1
7436 -5
7437 -7
7438 -4
7439 -6
7440 -6
7441 -14
7442 -13
7443 -14
7444 -13
7445 -14
7446 -11
7447 -11
7448 -14
7449 -12
7450 -15
7451 -10
7452 -16
7453 -17
7454 -12
7455 -15
7456 -12
7457 -13
7458 -19
7459 -19
7460 -16
7461 -16
7462 -17
7463 -19
7464 -19
7465 -16
7466 -6
7467 -1
7468 4
7469 11
7470 13
7471 18
7472 22
7473 22
7474 17
7475 10
7476 6
7477 2
7478 0
7479 0
7480 -9
7481 -18
7482 -24
7483 -30
7484 -30
7485 -24
7486 -29
7487 -28
7488 -27
7489 -32
7490 -32
7491 -32
7492 -32
7493 -32
7494 -30
7495 -32
7496 -35
7497 -32
7498 -34
7499 -36
7500 -34
7501 -34
7502 -32
7503 -33
7504 -35
7505 -33
7506 -36
7507 -40
7508 -35
7509 -34
7510 -28
7511 -16
7512 -2
7513 -11
7514 -58
7515 -140
7516 -271
7517 -406
7518 -515
7519 -587
7520 -608
7521 -597
7522 -561
7523 -520
7524 -498
7525 -469
7526 -431
7527 -403
7528 -379
7529 -349
7530 -322
7531 -291
7532 -272
7533 -250
7534 -219
7535 -188
7536 -159
7537 -129
7538 -96
7539 -58
7540 -26
7541 2
7542 31
7543 44
7544 58
7545 69
7546 74
7547 80
7548 87
7549 89
7550 90
7551 99
7552 101
7553 100
7554 104
7555 106
7556 112
7557 114
7558 117
7559 119
7560 127
7561 131
7562 132
7563 138
7564 140
7565 144
7566 146
7567 154
7568 157
7569 160
7570 165
7571 175
7572 175
7573 181
7574 180
7575 181
7576 188
7577 187
7578 186
7579 186
7580 183
7581 182
7582 176
7583 175
7584 169
7585 163
7586 147
7587 138
7588 130
7589 122
7590 115
7591 105
7592 92
7593 86
7594 78
7595 68
7596 59
7597 47
7598 43
7599 34
7600 32
7601 32
7602 23
7603 21
7604 19
7605 15
7606 17
7607 16
7608 13
7609 15
7610 12
7611 11
7612 12
7613 16
7614 12
7615 16
7616 17
7617 13
7618 15
7619 17
7620 17
7621 15
7622 17
7623 15
7624 14
7625 17
7626 20
7627 19
7628 16
7629 15
7630 17
7631 19
7632 17
7633 14
7634 16
7635 21
7636 18
7637 17
7638 13
7639 18
7640 12
7641 12
7642 14
7643 9
7644 8
7645 14
7646 9
7647 7
7648 12
7649 12
7650 10
7651 9
7652 8
7653 10
7654 2
7655 5
7656 5
7657 8
7658 6
7659 8
7660 10
7661 9
7662 7
7663 12
7664 22
7665 28
7666 30
7667 34
7668 41
7669 48
7670 50
7671 50
7672 43
7673 36
7674 32
7675 26
7676 25
7677 25
7678 16
7679 9
7680 3
7681 -2
7682 -4
7683 1
7684 -1
7685 -3
7686 -2
7687 -3
7688 -5
7689 -5
7690 -4
7691 -7
7692 -6
7693 -4
7694 -4
7695 -4
7696 -6
7697 -6
7698 -6
7699 -5
7700 -7
7701 -9
7702 -8
7703 -7
7704 -7
7705 -7
7706 -8
7707 -8
7708 -6
7709 10
7710 26
7711 11
7712 -34
7713 -128
7714 -269
7715 -418
7716 -531
7717 -605
7718 -610
7719 -590
7720 -558
7721 -525
7722 -500
7723 -473
7724 -426
7725 -398
7726 -371
7727 -337
7728 -303
7729 -272
7730 -250
7731 -218
7732 -196
7733 -157
7734 -128
7735 -96
7736 -58
7737 -16
7738 17
7739 50
7740 74
7741 84
7742 95
7743 101
7744 110
7745 115
7746 125
7747 124
7748 130
7749 127
7750 136
7751 138
7752 141
7753 142
7754 143
7755 148
7756 154
7757 158
7758 159
7759 166
7760 169
7761 174
7762 176
7763 181
7764 191
7765 194
7766 195
7767 201
7768 206
7769 216
7770 214
7771 216
7772 215
7773 222
7774 224
7775 222
7776 220
7777 218
7778 211
7779 204
7780 195
7781 190
7782 180
7783 171
7784 162
7785 148
7786 133
7787 122
7788 109
7789 95
7790 86
7791 78
7792 67
7793 62
7794 53
7795 48
7796 46
7797 39
7798 30
7799 24
7800 24
7801 23
7802 26
7803 23
7804 20
7805 23
7806 20
7807 22
7808 18
7809 21
7810 18
7811 17
7812 18
7813 18
7814 22
7815 22
7816 24
7817 19
7818 21
7819 20
7820 21
7821 19
7822 25
7823 18
7824 21
7825 24
7826 18
7827 19
7828 17
7829 18
7830 16
7831 16
7832 18
7833 17
7834 11
7835 15
7836 14
7837 9
7838 12
7839 11
7840 10
7841 10
7842 4
7843 5
7844 3
7845 5
7846 3
7847 8
7848 5
7849 0
7850 1
7851 1
7852 0
7853 -2
7854 0
7855 -3
7856 1
7857 1
7858 12
7859 17
7860 17
7861 23
7862 36
7863 37
7864 36
7865 32
7866 24
7867 17
7868 10
7869 9
7870 5
7871 2
7872 -5
7873 -19
7874 -22
7875 -23
7876 -26
7877 -23
7878 -22
7879 -27
7880 -29
7881 -30
7882 -31
7883 -31
7884 -28
7885 -30
7886 -32
7887 -28
7888 -35
7889 -32
7890 -33
7891 -32
7892 -37
7893 -39
7894 -36
7895 -34
7896 -36
7897 -35
7898 -36
7899 -40
7900 -37
7901 -29
7902 -6
7903 -16
7904 -73
7905 -163
7906 -304
7907 -440
7908 -550
7909 -619
7910 -623
7911 -600
7912 -564
7913 -533
7914 -512
7915 -475
7916 -433
7917 -411
7918 -383
7919 -359
7920 -324
7921 -295
7922 -274
7923 -247
7924 -216
7925 -185
7926 -154
7927 -113
7928 -79
7929 -49
7930 -15
7931 9
7932 32
7933 41
7934 45
7935 55
7936 60
7937 63
7938 70
7939 68
7940 73
7941 76
7942 78
7943 80
7944 79
7945 87
7946 88
7947 91
7948 94
7949 102
7950 98
7951 107
7952 108
7953 117
7954 119
7955 124
7956 128
7957 131
7958 139
7959 146
7960 148
7961 154
7962 155
7963 160
7964 158
7965 163
7966 154
7967 158
7968 157
7969 153
7970 148
7971 142
7972 132
7973 119
7974 113
7975 101
7976 86
7977 72
7978 63
7979 56
7980 39
7981 30
7982 24
7983 20
7984 7
7985 -4
7986 -10
7987 -13
7988 -10
7989 -19
7990 -26
7991 -24
7992 -26
7993 -29
7994 -29
7995 -27
7996 -29
7997 -29
7998 -29
7999 -28
8000 -29
8001 -32
8002 -34
8003 -30
8004 -29
8005 -32
8006 -33
8007 -28
8008 -30
8009 -32
8010 -29
8011 -25
8012 -27
8013 -25
8014 -25
8015 -27
8016 -27
8017 -27
8018 -27
8019 -27
8020 -26
8021 -29
8022 -27
8023 -26
8024 -24
8025 -28
8026 -28
8027 -25
8028 -26
8029 -29
8030 -26
8031 -29
8032 -31
8033 -28
8034 -32
8035 -34
8036 -32
8037 -34
8038 -36
8039 -34
8040 -34
8041 -40
8042 -40
8043 -40
8044 -40
8045 -34
8046 -40
8047 -39
8048 -38
8049 -41
8050 -40
8051 -32
8052 -31
8053 -21
8054 -20
8055 -12
8056 -3
8057 -6
8058 -7
8059 -15
8060 -14
8061 -23
8062 -24
8063 -31
8064 -31
8065 -35
8066 -45
8067 -53
8068 -54
8069 -60
8070 -52
8071 -54
8072 -56
8073 -55
8074 -61
8075 -59
8076 -55
8077 -56
8078 -62
8079 -59
8080 -60
8081 -58
8082 -58
8083 -64
8084 -62
8085 -61
8086 -60
8087 -57
8088 -58
8089 -57
8090 -59
8091 -60
8092 -56
8093 -60
8094 -59
8095 -43
8096 -26
8097 -32
8098 -73
8099 -147
8100 -269
8101 -412
8102 -526
8103 -596
8104 -619
8105 -602
8106 -563
8107 -527
8108 -500
8109 -468
8110 -427
8111 -404
8112 -373
8113 -341
8114 -316
8115 -290
8116 -264
8117 -242
8118 -211
8119 -180
8120 -148
8121 -117
8122 -82
8123 -52
8124 -20
8125 10
8126 24
8127 34
8128 41
8129 55
8130 61
8131 62
8132 64
8133 69
8134 68
8135 69
8136 76
8137 76
8138 81
8139 83
8140 86
8141 89
8142 91
8143 97
8144 107
8145 111
8146 111
8147 114
8148 122
8149 124
8150 127
8151 135
8152 141
8153 142
8154 148
8155 152
8156 156
8157 156
8158 160
8159 158
8160 162
8161 158
8162 156
8163 154
8164 142
8165 137
8166 129
8167 122
8168 113
8169 103
8170 92
8171 86
8172 80
8173 65
8174 61
8175 47
8176 42
8177 31
8178 26
8179 16
8180 13
8181 2
8182 -2
8183 0
8184 -4
8185 -6
8186 -7
8187 -10
8188 -10
8189 -9
8190 -10
8191 -13
8192 -11
8193 -13
8194 -10
8195 -11
8196 -16
8197 -6
8198 -7
8199 -9
8200 -12
8201 -13
8202 -8
8203 -7
8204 -6
8205 -5
8206 -4
8207 -9
8208 -5
8209 -6
8210 -6
8211 -2
8212 -3
8213 -3
8214 -8
8215 -10
8216 -7
8217 -6
8218 -9
8219 -13
8220 -7
8221 -8
8222 -10
8223 -12
8224 -11
8225 -10
8226 -12
8227 -11
8228 -9
8229 -12
8230 -17
8231 -18
8232 -20
8233 -15
8234 -17
8235 -17
8236 -16
8237 -14
8238 -12
8239 -16
8240 -11
8241 -6
8242 -1
8243 4
8244 11
8245 21
8246 21
8247 23
8248 27
8249 19
8250 14
8251 15
8252 9
8253 7
8254 7
8255 -1
8256 -9
8257 -10
8258 -14
8259 -19
8260 -18
8261 -16
8262 -17
8263 -17
8264 -17
8265 -15
8266 -16
8267 -18
8268 -22
8269 -17
8270 -18
8271 -15
8272 -20
8273 -20
8274 -22
8275 -21
8276 -22
8277 -19
8278 -16
8279 -19
8280 -17
8281 -14
8282 -21
8283 -20
8284 -17
8285 -7
8286 7
8287 7
8288 -26
8289 -102
8290 -219
8291 -363
8292 -489
8293 -574
8294 -602
8295 -584
8296 -556
8297 -516
8298 -488
8299 -465
8300 -420
8301 -392
8302 -358
8303 -328
8304 -301
8305 -275
8306 -251
8307 -227
8308 -200
8309 -170
8310 -142
8311 -109
8312 -77
8313 -35
8314 0
8315 30
8316 54
8317 71
8318 79
8319 85
8320 90
8321 94
8322 101
8323 108
8324 110
8325 113
8326 111
8327 118
8328 117
8329 123
8330 127
8331 133
8332 134
8333 139
8334 142
8335 145
8336 148
8337 152
8338 159
8339 164
8340 168
8341 174
8342 180
8343 185
8344 187
8345 187
8346 193
8347 192
8348 198
8349 196
8350 199
8351 192
8352 193
8353 190
8354 183
8355 177
8356 166
8357 155
8358 145
8359 135
8360 123
8361 112
8362 103
8363 95
8364 77
8365 69
8366 56
8367 46
8368 40
8369 33
8370 28
8371 21
8372 14
8373 8
8374 7
8375 4
8376 2
8377 -3
8378 -5
8379 -6
8380 -4
8381 0
8382 -3
8383 -5
8384 -5
8385 -8
8386 -8
8387 -5
8388 -4
8389 -4
8390 -1
8391 -2
8392 -2
8393 -4
8394 -9
8395 -6
8396 -5
8397 -5
8398 -9
8399 -10
8400 -12
8401 -8
8402 -10
8403 -11
8404 -11
8405 -10
8406 -8
8407 -10
8408 -10
8409 -10
8410 -16
8411 -12
8412 -14
8413 -14
8414 -17
8415 -13
8416 -19
8417 -16
8418 -17
8419 -21
8420 -21
8421 -21
8422 -23
8423 -22
8424 -19
8425 -20
8426 -23
8427 -21
8428 -21
8429 -26
8430 -23
8431 -24
8432 -24
8433 -22
8434 -9
8435 -3
8436 1
8437 2
8438 9
8439 12
8440 12
8441 12
8442 12
8443 4
8444 0
8445 -10
8446 -4
8447 -12
8448 -11
8449 -21
8450 -28
8451 -32
8452 -37
8453 -31
8454 -32
8455 -39
8456 -36
8457 -34
8458 -35
8459 -40
8460 -41
8461 -42
8462 -46
8463 -44
8464 -42
8465 -44
8466 -43
8467 -46
8468 -43
8469 -44
8470 -42
8471 -40
8472 -46
8473 -48
8474 -47
8475 -47
8476 -47
8477 -44
8478 -47
8479 -32
8480 -19
8481 -23
8482 -66
8483 -139
8484 -272
8485 -411
8486 -521
8487 -598
8488 -616
8489 -603
8490 -568
8491 -530
8492 -504
8493 -476
8494 -432
8495 -407
8496 -384
8497 -357
8498 -323
8499 -299
8500 -273
8501 -250
8502 -221
8503 -185
8504 -153
8505 -124
8506 -90
8507 -54
8508 -21
8509 13
8510 34
8511 52
8512 54
8513 61
8514 68
8515 75
8516 82
8517 83
8518 90
8519 91
8520 93
8521 94
8522 101
8523 101
8524 105
8525 106
8526 112
8527 109
8528 118
8529 119
8530 118
8531 122
8532 131
8533 136
8534 147
8535 141
8536 148
8537 157
8538 161
8539 161
8540 170
8541 177
8542 177
8543 176
8544 178
8545 180
8546 177
8547 181
8548 176
8549 173
8550 169
8551 160
8552 153
8553 147
8554 137
8555 127
8556 119
8557 106
8558 94
8559 82
8560 72
8561 59
8562 52
8563 41
8564 31
8565 19
8566 13
8567 9
8568 4
8569 1
8570 -2
8571 0
8572 -6
8573 -8
8574 -10
8575 -10
8576 -12
8577 -12
8578 -10
8579 -12
8580 -10
8581 -11
8582 -6
8583 -9
8584 -13
8585 -14
8586 -15
8587 -9
8588 -10
8589 -10
8590 -9
8591 -6
8592 -11
8593 -4
8594 -9
8595 -7
8596 -9
8597 -10
8598 -9
8599 -10
8600 -11
8601 -10
8602 -10
8603 -11
8604 -14
8605 -8
8606 -9
8607 -8
8608 -8
8609 -8
8610 -10
8611 -9
8612 -9
8613 -12
8614 -14
8615 -19
8616 -12
8617 -16
8618 -15
8619 -9
8620 -17
8621 -17
8622 -19
8623 -18
8624 -20
8625 -17
8626 -19
8627 -18
8628 -21
8629 -19
8630 -19
8631 -19
8632 -17
8633 -16
8634 -17
8635 -7
8636 -6
8637 1
8638 3
8639 10
8640 14
8641 16
8642 15
8643 9
8644 2
8645 2
8646 -5
8647 -7
8648 -6
8649 -14
8650 -24
8651 -30
8652 -28
8653 -30
8654 -26
8655 -28
8656 -32
8657 -33
8658 -31
8659 -33
8660 -32
8661 -33
8662 -30
8663 -37
8664 -29
8665 -30
8666 -28
8667 -26
8668 -32
8669 -27
8670 -34
8671 -32
8672 -32
8673 -28
8674 -35
8675 -34
8676 -33
8677 -30
8678 -31
8679 -16
8680 0
8681 3
8682 -41
8683 -117
8684 -238
8685 -375
8686 -496
8687 -578
8688 -608
8689 -597
8690 -562
8691 -526
8692 -491
8693 -460
8694 -417
8695 -385
8696 -361
8697 -330
8698 -300
8699 -274
8700 -254
8701 -228
8702 -193
8703 -164
8704 -129
8705 -100
8706 -64
8707 -26
8708 2
8709 34
8710 56
8711 70
8712 77
8713 83
8714 94
8715 95
8716 104
8717 104
8718 110
8719 114
8720 111
8721 115
8722 120
8723 122
8724 126
8725 131
8726 134
8727 134
8728 136
8729 148
8730 149
8731 157
8732 160
8733 169
8734 171
8735 174
8736 181
8737 188
8738 192
8739 194
8740 194
8741 200
8742 205
8743 205
8744 207
8745 201
8746 200
8747 192
8748 192
8749 182
8750 175
8751 168
8752 160
8753 151
8754 139
8755 128
8756 118
8757 103
8758 94
8759 87
8760 76
8761 66
8762 58
8763 55
8764 53
8765 48
8766 47
8767 37
8768 32
8769 28
8770 31
8771 26
8772 26
8773 22
8774 27
8775 28
8776 28
8777 28
8778 35
8779 30
8780 27
8781 32
8782 31
8783 30
8784 33
8785 34
8786 31
8787 28
8788 36
8789 34
8790 33
8791 34
8792 33
8793 31
8794 34
8795 31
8796 33
8797 30
8798 34
8799 37
8800 36
8801 29
8802 30
8803 28
8804 27
8805 26
8806 28
8807 31
8808 28
8809 24
8810 27
8811 25
8812 25
8813 21
8814 24
8815 26
8816 21
8817 23
8818 26
8819 27
8820 23
8821 24
8822 25
8823 20
8824 22
8825 21
8826 20
8827 34
8828 40
8829 43
8830 49
8831 50
8832 58
8833 61
8834 61
8835 54
8836 48
8837 40
8838 35
8839 33
8840 33
8841 27
8842 20
8843 10
8844 14
8845 14
8846 12
8847 6
8848 6
8849 5
8850 4
8851 4
8852 7
8853 7
8854 7
8855 6
8856 6
8857 5
8858 3
8859 7
8860 6
8861 5
8862 1
8863 3
8864 3
8865 9
8866 1
8867 2
8868 1
8869 4
8870 11
8871 29
8872 32
8873 -4
8874 -77
8875 -207
8876 -357
8877 -477
8878 -563
8879 -585
8880 -567
8881 -536
8882 -494
8883 -468
8884 -433
8885 -389
8886 -362
8887 -328
8888 -299
8889 -273
8890 -248
8891 -224
8892 -202
8893 -169
8894 -140
8895 -108
8896 -68
8897 -28
8898 0
8899 38
8900 67
8901 86
8902 94
8903 106
8904 108
8905 109
8906 112
8907 116
8908 125
8909 125
8910 125
8911 130
8912 135
8913 138
8914 144
8915 142
8916 143
8917 151
8918 154
8919 156
8920 163
8921 168
8922 169
8923 174
8924 178
8925 177
8926 184
8927 192
8928 192
8929 200
8930 202
8931 204
8932 210
8933 209
8934 210
8935 208
8936 202
8937 198
8938 190
8939 187
8940 179
8941 171
8942 164
8943 148
8944 141
8945 127
8946 120
8947 106
8948 95
8949 82
8950 73
8951 61
8952 54
8953 47
8954 35
8955 30
8956 34
8957 24
8958 17
8959 16
8960 16
8961 11
8962 9
8963 5
8964 9
8965 12
8966 10
8967 4
8968 8
8969 8
8970 8
8971 4
8972 6
8973 6
8974 2
8975 2
8976 8
8977 10
8978 6
8979 4
8980 7
8981 6
8982 4
8983 8
8984 0
8985 4
8986 2
8987 6
8988 6
8989 3
8990 5
8991 1
8992 4
8993 0
8994 1
8995 0
8996 -1
8997 -1
8998 -4
8999 -2
9000 -4
9001 -6
9002 -4
9003 -7
9004 -10
9005 -10
9006 -12
9007 -11
9008 -7
9009 -7
9010 -9
9011 -9
9012 -9
9013 -7
9014 -9
9015 -8
9016 -14
9017 -8
9018 -12
9019 -6
9020 -5
9021 6
9022 7
9023 13
9024 17
9025 21
9026 26
9027 31
9028 26
9029 23
9030 11
9031 7
9032 5
9033 2
9034 0
9035 -10
9036 -18
9037 -22
9038 -26
9039 -26
9040 -24
9041 -23
9042 -23
9043 -24
9044 -27
9045 -31
9046 -29
9047 -29
9048 -31
9049 -28
9050 -25
9051 -32
9052 -28
9053 -31
9054 -30
9055 -30
9056 -29
9057 -30
9058 -34
9059 -35
9060 -34
9061 -33
9062 -36
9063 -35
9064 -28
9065 -16
9066 -3
9067 -5
9068 -46
9069 -128
9070 -261
9071 -399
9072 -513
9073 -586
9074 -599
9075 -593
9076 -557
9077 -519
9078 -491
9079 -463
9080 -422
9081 -395
9082 -374
9083 -352
9084 -325
9085 -296
9086 -272
9087 -251
9088 -219
9089 -184
9090 -155
9091 -129
9092 -93
9093 -64
9094 -24
9095 3
9096 26
9097 41
9098 49
9099 58
9100 63
9101 68
9102 72
9103 79
9104 77
9105 80
9106 87
9107 85
9108 87
9109 84
9110 93
9111 96
9112 99
9113 101
9114 108
9115 111
9116 116
9117 119
9118 123
9119 132
9120 132
9121 139
9122 144
9123 150
9124 153
9125 156
9126 157
9127 164
9128 167
9129 166
9130 165
9131 165
9132 162
9133 158
9134 156
9135 154
9136 138
9137 137
9138 125
9139 107
9140 104
9141 97
9142 85
9143 75
9144 65
9145 50
9146 46
9147 33
9148 19
9149 13
9150 1
9151 -1
9152 -4
9153 -11
9154 -20
9155 -17
9156 -19
9157 -23
9158 -15
9159 -27
9160 -30
9161 -29
9162 -28
9163 -30
9164 -28
9165 -29
9166 -25
9167 -32
9168 -32
9169 -27
9170 -31
9171 -27
9172 -25
9173 -23
9174 -27
9175 -27
9176 -27
9177 -28
9178 -22
9179 -26
9180 -26
9181 -26
9182 -18
9183 -23
9184 -18
9185 -22
9186 -24
9187 -25
9188 -22
9189 -23
9190 -27
9191 -27
9192 -25
9193 -26
9194 -31
9195 -30
9196 -28
9197 -32
9198 -30
9199 -32
9200 -31
9201 -32
9202 -31
9203 -34
9204 -35
9205 -37
9206 -40
9207 -37
9208 -35
9209 -35
9210 -33
9211 -34
9212 -33
9213 -31
9214 -34
9215 -34
9216 -36
9217 -34
9218 -36
9219 -34
9220 -33
9221 -25
9222 -14
9223 -15
9224 -4
9225 -1
9226 7
9227 7
9228 6
9229 0
9230 -4
9231 -9
9232 -14
9233 -15
9234 -22
9235 -32
9236 -35
9237 -44
9238 -39
9239 -42
9240 -40
9241 -36
9242 -41
9243 -42
9244 -37
9245 -41
9246 -41
9247 -40
9248 -45
9249 -38
9250 -36
9251 -40
9252 -40
9253 -36
9254 -38
9255 -42
9256 -40
9257 -40
9258 -38
9259 -39
9260 -40
9261 -36
9262 -40
9263 -33
9264 -22
9265 -7
9266 -2
9267 -39
9268 -106
9269 -214
9270 -363
9271 -475
9272 -565
9273 -601
9274 -597
9275 -581
9276 -553
9277 -522
9278 -501
9279 -466
9280 -430
9281 -404
9282 -372
9283 -342
9284 -317
9285 -289
9286 -267
9287 -241
9288 -214
9289 -177
9290 -149
9291 -121
9292 -85
9293 -50
9294 -16
9295 15
9296 44
9297 59
9298 67
9299 74
9300 86
9301 92
9302 97
9303 103
9304 105
9305 106
9306 109
9307 113
9308 116
9309 118
9310 123
9311 130
9312 130
9313 130
9314 136
9315 142
9316 150
9317 149
9318 153
9319 156
9320 165
9321 170
9322 172
9323 178
9324 185
9325 191
9326 194
9327 202
9328 204
9329 205
9330 206
9331 205
9332 204
9333 210
9334 205
9335 200
9336 194
9337 190
9338 180
9339 168
9340 159
9341 149
9342 139
9343 125
9344 113
9345 101
9346 93
9347 82
9348 71
9349 63
9350 58
9351 48
9352 41
9353 33
9354 26
9355 18
9356 18
9357 20
9358 17
9359 10
9360 7
9361 10
9362 11
9363 7
9364 11
9365 8
9366 10
9367 7
9368 7
9369 9
9370 11
9371 10
9372 5
9373 11
9374 10
9375 10
9376 7
9377 9
9378 12
9379 9
9380 6
9381 8
9382 10
9383 15
9384 11
9385 7
9386 9
9387 6
9388 7
9389 6
9390 6
9391 3
9392 2
9393 1
9394 3
9395 4
9396 -5
9397 1
9398 4
9399 3
9400 -2
9401 -3
9402 2
9403 2
9404 3
9405 -2
9406 -6
9407 -5
9408 -3
9409 -5
9410 -4
9411 -4
9412 -2
9413 -9
9414 -5
9415 -5
9416 -2
9417 -7
9418 -6
9419 1
9420 12
9421 15
9422 21
9423 22
9424 31
9425 33
9426 37
9427 36
9428 32
9429 23
9430 19
9431 15
9432 13
9433 9
9434 1
9435 -11
9436 -11
9437 -12
9438 -13
9439 -13
9440 -12
9441 -12
9442 -13
9443 -14
9444 -16
9445 -17
9446 -16
9447 -14
9448 -17
9449 -15
9450 -18
9451 -21
9452 -17
9453 -17
9454 -16
9455 -16
9456 -24
9457 -15
9458 -19
9459 -19
9460 -23
9461 -21
9462 -17
9463 -17
9464 -12
9465 -1
9466 10
9467 6
9468 -32
9469 -120
9470 -253
9471 -401
9472 -511
9473 -586
9474 -592
9475 -580
9476 -554
9477 -513
9478 -486
9479 -461
9480 -419
9481 -387
9482 -360
9483 -343
9484 -301
9485 -274
9486 -255
9487 -234
9488 -209
9489 -178
9490 -146
9491 -114
9492 -83
9493 -44
9494 -11
9495 20
9496 49
9497 57
9498 70
9499 81
9500 85
9501 90
9502 98
9503 100
9504 105
9505 106
9506 108
9507 110
9508 111
9509 119
9510 120
9511 125
9512 126
9513 128
9514 134
9515 142
9516 143
9517 149
9518 148
9519 154
9520 161
9521 164
9522 167
9523 173
9524 173
9525 179
9526 182
9527 190
9528 183
9529 191
9530 196
9531 198
9532 197
9533 195
9534 187
9535 185
9536 174
9537 170
9538 160
9539 151
9540 142
9541 132
9542 116
9543 107
9544 98
9545 91
9546 75
9547 66
9548 58
9549 50
9550 45
9551 36
9552 25
9553 23
9554 20
9555 15
9556 5
9557 1
9558 1
9559 1
9560 3
9561 2
9562 -1
9563 -1
9564 -2
9565 3
9566 0
9567 0
9568 0
9569 0
9570 0
9571 0
9572 0
9573 0
9574 3
9575 -2
9576 0
9577 -2
9578 5
9579 -2
9580 -5
9581 1
9582 -1
9583 2
9584 -6
9585 -5
9586 -6
9587 -2
9588 -4
9589 -5
9590 -4
9591 -4
9592 -8
9593 -9
9594 -8
9595 -10
9596 -8
9597 -11
9598 -15
9599 -13
9600 -12
9601 -15
9602 -12
9603 -11
9604 -12
9605 -14
9606 -16
9607 -21
9608 -20
9609 -23
9610 -20
9611 -23
9612 -21
9613 -25
9614 -27
9615 -24
9616 -25
9617 -27
9618 -24
9619 -26
9620 -24
9621 -23
9622 -24
9623 -26
9624 -22
9625 -18
9626 -12
9627 -5
9628 -2
9629 -1
9630 7
9631 11
9632 9
9633 11
9634 9
9635 0
9636 -6
9637 -7
9638 -9
9639 -16
9640 -24
9641 -34
9642 -36
9643 -39
9644 -36
9645 -30
9646 -34
9647 -38
9648 -41
9649 -37
9650 -43
9651 -41
9652 -44
9653 -43
9654 -47
9655 -45
9656 -48
9657 -50
9658 -45
9659 -48
9660 -46
9661 -51
9662 -52
9663 -54
9664 -54
9665 -52
9666 -53
9667 -55
9668 -51
9669 -52
9670 -44
9671 -24
9672 -16
9673 -48
9674 -115
9675 -224
9676 -365
9677 -479
9678 -569
9679 -616
9680 -614
9681 -599
9682 -556
9683 -522
9684 -499
9685 -465
9686 -427
9687 -400
9688 -378
9689 -354
9690 -330
9691 -298
9692 -271
9693 -253
9694 -223
9695 -194
9696 -159
9697 -131
9698 -98
9699 -65
9700 -32
9701 -1
9702 21
9703 32
9704 39
9705 46
9706 52
9707 57
9708 57
9709 60
9710 65
9711 70
9712 69
9713 75
9714 79
9715 83
9716 83
9717 89
9718 87
9719 89
9720 100
9721 102
9722 101
9723 105
9724 115
9725 109
9726 119
9727 123
9728 127
9729 133
9730 145
9731 147
9732 148
9733 152
9734 154
9735 157
9736 157
9737 155
9738 155
9739 150
9740 151
9741 138
9742 134
9743 133
9744 120
9745 112
9746 104
9747 90
9748 80
9749 67
9750 56
9751 43
9752 35
9753 22
9754 14
9755 9
9756 0
9757 -3
9758 -7
9759 -14
9760 -13
9761 -17
9762 -18
9763 -24
9764 -23
9765 -20
9766 -23
9767 -25
9768 -26
9769 -28
9770 -25
9771 -27
9772 -28
9773 -26
9774 -25
9775 -29
9776 -26
9777 -26
9778 -27
9779 -22
9780 -17
9781 -26
9782 -23
9783 -21
9784 -18
9785 -24
9786 -18
9787 -26
9788 -17
9789 -18
9790 -22
9791 -19
9792 -20
9793 -21
9794 -22
9795 -16
9796 -22
9797 -18
9798 -19
9799 -20
9800 -18
9801 -26
9802 -19
9803 -23
9804 -16
9805 -21
9806 -26
9807 -23
9808 -28
9809 -27
9810 -29
9811 -23
9812 -25
9813 -28
9814 -30
9815 -32
9816 -30
9817 -26
9818 -27
9819 -27
9820 -34
9821 -29
9822 -28
9823 -31
9824 -31
9825 -30
9826 -33
9827 -31
9828 -25
9829 -13
9830 -11
9831 -7
9832 1
9833 7
9834 6
9835 10
9836 6
9837 2
9838 -5
9839 -7
9840 -9
9841 -9
9842 -19
9843 -26
9844 -32
9845 -35
9846 -36
9847 -34
9848 -32
9849 -37
9850 -33
9851 -32
9852 -36
9853 -30
9854 -34
9855 -30
9856 -36
9857 -36
9858 -38
9859 -32
9860 -35
9861 -35
9862 -35
9863 -35
9864 -31
9865 -32
9866 -32
9867 -31
9868 -34
9869 -31
9870 -29
9871 -25
9872 -12
9873 5
9874 -6
9875 -55
9876 -146
9877 -287
9878 -422
9879 -530
9880 -592
9881 -596
9882 -577
9883 -539
9884 -506
9885 -477
9886 -436
9887 -394
9888 -366
9889 -342
9890 -313
9891 -284
9892 -261
9893 -233
9894 -208
9895 -178
9896 -148
9897 -113
9898 -77
9899 -43
9900 -8
9901 28
9902 48
9903 65
9904 73
9905 79
9906 85
9907 91
9908 96
9909 98
9910 99
9911 105
9912 102
9913 108
9914 110
9915 108
9916 113
9917 110
9918 123
9919 125
9920 126
9921 130
9922 137
9923 143
9924 144
9925 151
9926 154
9927 158
9928 162
9929 170
9930 173
9931 178
9932 183
9933 184
9934 184
9935 192
9936 188
9937 192
9938 187
9939 181
9940 176
9941 172
9942 161
9943 155
9944 147
9945 136
9946 126
9947 112
9948 102
9949 93
9950 81
9951 69
9952 61
9953 53
9954 41
9955 37
9956 28
9957 26
9958 21
9959 21
9960 17
9961 14
9962 11
9963 9
9964 11
9965 8
9966 6
9967 11
9968 8
9969 9
9970 10
9971 10
9972 12
9973 8
9974 13
9975 12
9976 14
9977 18
9978 11
9979 17
9980 12
9981 16
9982 18
9983 15
9984 13
9985 18
9986 13
9987 13
9988 18
9989 13
9990 10
9991 16
9992 16
9993 11
9994 12
9995 12
9996 4
9997 8
9998 9
9999 7
