0.008
0 -37
1 -43
2 -43
3 -49
4 -41
5 -39
6 -31
7 -33
8 -33
9 -35
10 -43
11 -37
12 -33
13 -33
14 -33
15 -29
16 -31
17 -37
18 -43
19 -35
20 -33
21 -31
22 -31
23 -31
24 -33
25 -37
26 -33
27 -35
28 -37
29 -33
30 -31
31 -33
32 -33
33 -33
34 -33
35 -31
36 -35
37 -37
38 -33
39 -35
40 -31
41 -37
42 -33
43 -33
44 -35
45 -35
46 -35
47 -35
48 -33
49 -35
50 -37
51 -33
52 -35
53 -29
54 -31
55 -29
56 -21
57 -13
58 -11
59 -7
60 5
61 9
62 5
63 5
64 -7
65 -19
66 -25
67 -25
68 -21
69 -21
70 -21
71 -13
72 -7
73 61
74 173
75 201
76 11
77 -79
78 -65
79 -21
80 -11
81 -13
82 -13
83 -15
84 -11
85 -11
86 -13
87 -9
88 -7
89 -11
90 -9
91 -9
92 -5
93 -5
94 -3
95 -5
96 -3
97 1
98 3
99 7
100 7
101 11
102 17
103 23
104 23
105 29
106 33
107 35
108 39
109 45
110 45
111 47
112 43
113 37
114 29
115 17
116 5
117 -5
118 -15
119 -21
120 -29
121 -29
122 -31
123 -33
124 -35
125 -35
126 -31
127 -29
128 -29
129 -33
130 -29
131 -29
132 -27
133 -27
134 -29
135 -29
136 -29
137 -31
138 -31
139 -37
140 -35
141 -33
142 -33
143 -37
144 -33
145 -37
146 -33
147 -35
148 -37
149 -37
150 -39
151 -37
152 -37
153 -35
154 -37
155 -41
156 -35
157 -37
158 -37
159 -31
160 -35
161 -37
162 -35
163 -37
164 -35
165 -37
166 -35
167 -33
168 -31
169 -37
170 -39
171 -35
172 -33
173 -37
174 -35
175 -31
176 -33
177 -31
178 -33
179 -37
180 -35
181 -27
182 -25
183 -15
184 -11
185 -7
186 5
187 1
188 1
189 -5
190 -21
191 -29
192 -37
193 -37
194 -33
195 -39
196 -27
197 -25
198 -13
199 119
200 273
201 193
202 -63
203 -133
204 -87
205 -35
206 -27
207 -27
208 -33
209 -35
210 -35
211 -35
212 -29
213 -31
214 -31
215 -23
216 -23
217 -25
218 -21
219 -23
220 -21
221 -15
222 -13
223 -11
224 -5
225 -3
226 -5
227 -3
228 7
229 9
230 11
231 23
232 23
233 27
234 31
235 29
236 31
237 31
238 23
239 19
240 7
241 -3
242 -19
243 -29
244 -33
245 -39
246 -43
247 -43
248 -47
249 -47
250 -45
251 -47
252 -43
253 -43
254 -45
255 -41
256 -43
257 -39
258 -41
259 -43
260 -37
261 -41
262 -41
263 -41
264 -41
265 -43
266 -43
267 -49
268 -45
269 -45
270 -45
271 -43
272 -45
273 -43
274 -47
275 -49
276 -49
277 -45
278 -45
279 -47
280 -43
281 -47
282 -47
283 -49
284 -47
285 -49
286 -49
287 -43
288 -47
289 -49
290 -47
291 -49
292 -49
293 -45
294 -47
295 -41
296 -45
297 -47
298 -41
299 -45
300 -43
301 -45
302 -43
303 -41
304 -33
305 -27
306 -23
307 -17
308 -11
309 -1
310 -5
311 -3
312 -15
313 -27
314 -33
315 -39
316 -39
317 -35
318 -37
319 -31
320 -21
321 23
322 151
323 265
324 53
325 -121
326 -109
327 -57
328 -33
329 -35
330 -35
331 -37
332 -35
333 -33
334 -33
335 -29
336 -31
337 -27
338 -29
339 -31
340 -25
341 -25
342 -23
343 -21
344 -19
345 -19
346 -13
347 -11
348 -7
349 -5
350 1
351 7
352 11
353 15
354 19
355 19
356 27
357 31
358 33
359 35
360 31
361 25
362 15
363 1
364 -9
365 -19
366 -27
367 -31
368 -37
369 -41
370 -39
371 -45
372 -43
373 -39
374 -39
375 -35
376 -37
377 -39
378 -35
379 -39
380 -37
381 -33
382 -35
383 -33
384 -35
385 -37
386 -37
387 -39
388 -37
389 -37
390 -39
391 -39
392 -41
393 -41
394 -39
395 -45
396 -39
397 -41
398 -41
399 -39
400 -41
401 -39
402 -41
403 -43
404 -37
405 -41
406 -43
407 -33
408 -41
409 -39
410 -33
411 -43
412 -41
413 -37
414 -37
415 -35
416 -37
417 -35
418 -37
419 -37
420 -33
421 -37
422 -37
423 -33
424 -35
425 -33
426 -35
427 -29
428 -21
429 -11
430 -13
431 -3
432 5
433 3
434 1
435 -11
436 -17
437 -29
438 -37
439 -31
440 -31
441 -33
442 -27
443 -23
444 19
445 163
446 319
447 117
448 -113
449 -119
450 -55
451 -29
452 -29
453 -27
454 -27
455 -27
456 -29
457 -31
458 -21
459 -27
460 -25
461 -23
462 -25
463 -15
464 -17
465 -19
466 -11
467 -13
468 -7
469 -1
470 -1
471 7
472 9
473 9
474 17
475 21
476 29
477 35
478 37
479 43
480 49
481 49
482 51
483 47
484 41
485 37
486 29
487 17
488 3
489 -13
490 -17
491 -23
492 -25
493 -33
494 -31
495 -31
496 -31
497 -33
498 -31
499 -33
500 -27
501 -29
502 -29
503 -23
504 -25
505 -25
506 -25
507 -27
508 -27
509 -25
510 -27
511 -27
512 -25
513 -27
514 -31
515 -31
516 -31
517 -33
518 -33
519 -27
520 -27
521 -31
522 -33
523 -33
524 -27
525 -31
526 -29
527 -25
528 -29
529 -27
530 -33
531 -37
532 -23
533 -27
534 -31
535 -27
536 -39
537 -23
538 -19
539 -27
540 -21
541 -11
542 -17
543 -13
544 -11
545 -11
546 -13
547 -11
548 -11
549 -1
550 5
551 15
552 11
553 21
554 31
555 27
556 29
557 15
558 3
559 -7
560 -13
561 -5
562 -5
563 -11
564 -7
565 1
566 21
567 143
568 281
569 137
570 -71
571 -111
572 -61
573 -13
574 -13
575 -9
576 -11
577 -13
578 -15
579 -3
580 -7
581 -7
582 -5
583 -9
584 -5
585 -1
586 1
587 1
588 7
589 1
590 11
591 17
592 19
593 21
594 25
595 29
596 35
597 37
598 45
599 47
600 53
601 57
602 55
603 61
604 63
605 63
606 61
607 57
608 43
609 27
610 19
611 3
612 -1
613 -5
614 -17
615 -7
616 -15
617 -13
618 -13
619 -15
620 -11
621 -9
622 -9
623 -5
624 -5
625 -9
626 -9
627 -9
628 -5
629 -7
630 -11
631 -5
632 -7
633 -3
634 -7
635 -11
636 -13
637 -11
638 -11
639 -11
640 -7
641 -9
642 -9
643 -13
644 -13
645 -11
646 -7
647 -9
648 -7
649 -5
650 -3
651 -11
652 -7
653 -7
654 -11
655 -7
656 -5
657 -13
658 -9
659 -7
660 -5
661 -5
662 -11
663 -5
664 -7
665 -3
666 -7
667 -7
668 -5
669 -9
670 -9
671 -5
672 3
673 9
674 15
675 13
676 23
677 31
678 31
679 31
680 23
681 11
682 -1
683 -7
684 -5
685 -5
686 -5
687 1
688 5
689 13
690 137
691 275
692 259
693 -19
694 -101
695 -61
696 -3
697 3
698 -3
699 -7
700 -5
701 -1
702 -1
703 1
704 3
705 1
706 1
707 1
708 5
709 9
710 7
711 9
712 13
713 17
714 21
715 21
716 25
717 29
718 29
719 35
720 39
721 45
722 51
723 53
724 57
725 63
726 69
727 69
728 59
729 67
730 63
731 45
732 33
733 27
734 15
735 7
736 5
737 -5
738 -7
739 -13
740 -9
741 -7
742 -9
743 -7
744 -7
745 -7
746 -3
747 -1
748 1
749 -5
750 -1
751 -1
752 -1
753 -3
754 1
755 -15
756 -9
757 -5
758 -7
759 -3
760 -11
761 -9
762 -3
763 -15
764 -7
765 -5
766 -15
767 -11
768 -15
769 -11
770 -7
771 -9
772 -11
773 -11
774 -7
775 -17
776 -9
777 -7
778 -9
779 -11
780 -9
781 -9
782 -11
783 -17
784 -5
785 -5
786 -9
787 -11
788 -7
789 -7
790 -7
791 -9
792 -11
793 -9
794 -9
795 -5
796 -7
797 -9
798 1
799 13
800 11
801 17
802 37
803 25
804 25
805 17
806 7
807 -3
808 -13
809 -13
810 -7
811 -9
812 1
813 5
814 21
815 163
816 303
817 157
818 -75
819 -109
820 -43
821 -7
822 -3
823 -11
824 -7
825 -9
826 -13
827 -9
828 -9
829 -7
830 -5
831 -1
832 -7
833 -3
834 3
835 -1
836 5
837 7
838 9
839 15
840 13
841 19
842 27
843 29
844 35
845 39
846 41
847 51
848 53
849 55
850 59
851 59
852 63
853 61
854 53
855 41
856 31
857 23
858 7
859 -5
860 -11
861 -13
862 -19
863 -19
864 -23
865 -21
866 -21
867 -25
868 -21
869 -19
870 -17
871 -19
872 -17
873 -15
874 -15
875 -19
876 -19
877 -21
878 -19
879 -17
880 -21
881 -23
882 -23
883 -25
884 -25
885 -27
886 -27
887 -23
888 -23
889 -25
890 -27
891 -31
892 -29
893 -29
894 -27
895 -23
896 -25
897 -29
898 -27
899 -29
900 -25
901 -29
902 -29
903 -27
904 -27
905 -25
906 -25
907 -25
908 -23
909 -25
910 -27
911 -25
912 -23
913 -23
914 -23
915 -23
916 -21
917 -23
918 -23
919 -19
920 -17
921 -21
922 -21
923 -21
924 -15
925 -1
926 -3
927 3
928 19
929 21
930 15
931 11
932 -1
933 -13
934 -21
935 -17
936 -21
937 -17
938 -13
939 -11
940 1
941 107
942 247
943 239
944 -7
945 -111
946 -83
947 -29
948 -13
949 -19
950 -19
951 -13
952 -13
953 -13
954 -13
955 -21
956 -15
957 -13
958 -11
959 -5
960 -11
961 -9
962 -1
963 -1
964 1
965 3
966 7
967 13
968 11
969 19
970 21
971 23
972 31
973 33
974 41
975 45
976 47
977 53
978 51
979 45
980 45
981 39
982 27
983 19
984 7
985 -9
986 -17
987 -29
988 -27
989 -27
990 -29
991 -25
992 -23
993 -21
994 -25
995 -27
996 -21
997 -17
998 -19
999 -13
1000 -13
1001 -13
1002 -17
1003 -11
1004 -11
1005 -11
1006 -13
1007 -9
1008 -13
1009 -15
1010 -13
1011 -17
1012 -17
1013 -19
1014 -21
1015 -13
1016 -15
1017 -19
1018 -19
1019 -21
1020 -23
1021 -19
1022 -19
1023 -17
1024 -21
1025 -23
1026 -21
1027 -23
1028 -23
1029 -25
1030 -21
1031 -19
1032 -21
1033 -21
1034 -19
1035 -21
1036 -19
1037 -21
1038 -23
1039 -13
1040 -19
1041 -19
1042 -19
1043 -19
1044 -15
1045 -17
1046 -19
1047 -17
1048 -5
1049 3
1050 3
1051 9
1052 21
1053 17
1054 19
1055 5
1056 -3
1057 -13
1058 -19
1059 -25
1060 -15
1061 -19
1062 -13
1063 -5
1064 25
1065 171
1066 325
1067 161
1068 -79
1069 -109
1070 -57
1071 -13
1072 -9
1073 -19
1074 -17
1075 -23
1076 -21
1077 -11
1078 -11
1079 -11
1080 -13
1081 -9
1082 -15
1083 -11
1084 -9
1085 -7
1086 -1
1087 1
1088 3
1089 1
1090 7
1091 11
1092 15
1093 15
1094 21
1095 29
1096 33
1097 35
1098 41
1099 45
1100 53
1101 53
1102 55
1103 53
1104 53
1105 41
1106 35
1107 27
1108 7
1109 -3
1110 -13
1111 -17
1112 -23
1113 -29
1114 -31
1115 -27
1116 -29
1117 -27
1118 -27
1119 -27
1120 -23
1121 -23
1122 -25
1123 -25
1124 -23
1125 -19
1126 -17
1127 -17
1128 -21
1129 -25
1130 -23
1131 -23
1132 -27
1133 -27
1134 -27
1135 -25
1136 -27
1137 -33
1138 -25
1139 -31
1140 -31
1141 -29
1142 -29
1143 -25
1144 -29
1145 -27
1146 -29
1147 -35
1148 -31
1149 -27
1150 -29
1151 -27
1152 -27
1153 -29
1154 -29
1155 -33
1156 -31
1157 -31
1158 -29
1159 -25
1160 -27
1161 -29
1162 -25
1163 -27
1164 -33
1165 -27
1166 -23
1167 -21
1168 -21
1169 -29
1170 -23
1171 -31
1172 -23
1173 -19
1174 -7
1175 -9
1176 -3
1177 9
1178 19
1179 15
1180 11
1181 -1
1182 -13
1183 -19
1184 -27
1185 -25
1186 -21
1187 -27
1188 -19
1189 -13
1190 9
1191 155
1192 299
1193 171
1194 -81
1195 -121
1196 -65
1197 -17
1198 -17
1199 -21
1200 -25
1201 -19
1202 -21
1203 -21
1204 -19
1205 -15
1206 -15
1207 -11
1208 -15
1209 -13
1210 -11
1211 -7
1212 -5
1213 -1
1214 -1
1215 5
1216 9
1217 9
1218 15
1219 17
1220 19
1221 27
1222 33
1223 39
1224 45
1225 45
1226 47
1227 49
1228 49
1229 51
1230 43
1231 39
1232 31
1233 19
1234 7
1235 -3
1236 -11
1237 -19
1238 -21
1239 -25
1240 -27
1241 -29
1242 -31
1243 -31
1244 -27
1245 -25
1246 -23
1247 -23
1248 -23
1249 -23
1250 -27
1251 -27
1252 -25
1253 -25
1254 -27
1255 -27
1256 -27
1257 -29
1258 -31
1259 -35
1260 -31
1261 -29
1262 -31
1263 -29
1264 -33
1265 -33
1266 -35
1267 -41
1268 -37
1269 -35
1270 -29
1271 -31
1272 -43
1273 -33
1274 -37
1275 -29
1276 -51
1277 -15
1278 -19
1279 -25
1280 -19
1281 -27
1282 -17
1283 -17
1284 -21
1285 -19
1286 -19
1287 -17
1288 -17
1289 -13
1290 -15
1291 -17
1292 -15
1293 -21
1294 -15
1295 -13
1296 -15
1297 -13
1298 -3
1299 1
1300 1
1301 11
1302 17
1303 23
1304 17
1305 13
1306 1
1307 -21
1308 -23
1309 -21
1310 -23
1311 -21
1312 -15
1313 -17
1314 -3
1315 123
1316 277
1317 213
1318 -55
1319 -119
1320 -77
1321 -27
1322 -19
1323 -19
1324 -21
1325 -19
1326 -21
1327 -17
1328 -15
1329 -17
1330 -15
1331 -19
1332 -19
1333 -13
1334 -11
1335 -3
1336 -3
1337 -1
1338 1
1339 3
1340 7
1341 7
1342 9
1343 17
1344 21
1345 25
1346 31
1347 33
1348 45
1349 49
1350 51
1351 51
1352 49
1353 51
1354 51
1355 39
1356 31
1357 19
1358 5
1359 -5
1360 -17
1361 -21
1362 -25
1363 -27
1364 -33
1365 -25
1366 -27
1367 -21
1368 -21
1369 -29
1370 -23
1371 -21
1372 -21
1373 -23
1374 -23
1375 -19
1376 -21
1377 -19
1378 -21
1379 -21
1380 -21
1381 -27
1382 -27
1383 -29
1384 -23
1385 -19
1386 -23
1387 -25
1388 -25
1389 -25
1390 -25
1391 -27
1392 -25
1393 -25
1394 -27
1395 -25
1396 -21
1397 -23
1398 -23
1399 -21
1400 -21
1401 -23
1402 -23
1403 -25
1404 -21
1405 -23
1406 -21
1407 -17
1408 -17
1409 -19
1410 -21
1411 -21
1412 -19
1413 -19
1414 -19
1415 -17
1416 -15
1417 -17
1418 -15
1419 -11
1420 -3
1421 -3
1422 3
1423 13
1424 17
1425 9
1426 3
1427 -5
1428 -15
1429 -23
1430 -27
1431 -21
1432 -23
1433 -21
1434 -21
1435 -17
1436 77
1437 211
1438 213
1439 -9
1440 -111
1441 -87
1442 -37
1443 -33
1444 -31
1445 -29
1446 -33
1447 -31
1448 -29
1449 -29
1450 -29
1451 -31
1452 -25
1453 -25
1454 -23
1455 -21
1456 -19
1457 -19
1458 -15
1459 -15
1460 -11
1461 -5
1462 -3
1463 1
1464 5
1465 9
1466 13
1467 13
1468 25
1469 25
1470 35
1471 39
1472 39
1473 39
1474 39
1475 29
1476 25
1477 15
1478 3
1479 -7
1480 -23
1481 -27
1482 -35
1483 -41
1484 -37
1485 -45
1486 -45
1487 -39
1488 -37
1489 -39
1490 -37
1491 -41
1492 -37
1493 -35
1494 -37
1495 -35
1496 -33
1497 -35
1498 -37
1499 -39
1500 -37
1501 -35
1502 -39
1503 -33
1504 -37
1505 -37
1506 -37
1507 -41
1508 -39
1509 -41
1510 -43
1511 -35
1512 -39
1513 -37
1514 -39
1515 -39
1516 -35
1517 -39
1518 -37
1519 -37
1520 -35
1521 -39
1522 -39
1523 -41
1524 -37
1525 -35
1526 -35
1527 -37
1528 -35
1529 -35
1530 -39
1531 -39
1532 -35
1533 -35
1534 -25
1535 -13
1536 -17
1537 -11
1538 -1
1539 5
1540 -5
1541 -5
1542 -21
1543 -29
1544 -31
1545 -33
1546 -33
1547 -31
1548 -27
1549 -23
1550 -5
1551 121
1552 271
1553 211
1554 -37
1555 -125
1556 -93
1557 -39
1558 -27
1559 -25
1560 -27
1561 -27
1562 -23
1563 -27
1564 -23
1565 -23
1566 -23
1567 -15
1568 -15
1569 -17
1570 -17
1571 -15
1572 -9
1573 -7
1574 -3
1575 3
1576 5
1577 7
1578 11
1579 11
1580 19
1581 23
1582 29
1583 39
1584 39
1585 43
1586 47
1587 39
1588 43
1589 43
1590 35
1591 31
1592 17
1593 5
1594 -7
1595 -17
1596 -17
1597 -25
1598 -23
1599 -23
1600 -27
1601 -25
1602 -27
1603 -23
1604 -23
1605 -23
1606 -19
1607 -17
1608 -15
1609 -17
1610 -15
1611 -15
1612 -13
1613 -15
1614 -17
1615 -13
1616 -11
1617 -17
1618 -19
1619 -21
1620 -19
1621 -17
1622 -19
1623 -17
1624 -17
1625 -17
1626 -23
1627 -19
1628 -19
1629 -21
1630 -23
1631 -15
1632 -19
1633 -19
1634 -21
1635 -21
1636 -21
1637 -17
1638 -19
1639 -17
1640 -17
1641 -19
1642 -17
1643 -19
1644 -19
1645 -15
1646 -15
1647 -5
1648 7
1649 5
1650 11
1651 15
1652 23
1653 19
1654 13
1655 1
1656 -11
1657 -15
1658 -13
1659 -17
1660 -11
1661 -13
1662 -3
1663 31
1664 177
1665 333
1666 243
1667 -59
1668 -113
1669 -63
1670 -11
1671 -7
1672 -11
1673 -9
1674 -11
1675 -15
1676 -13
1677 -9
1678 -11
1679 -5
1680 -5
1681 -5
1682 -5
1683 -3
1684 1
1685 3
1686 -1
1687 5
1688 9
1689 11
1690 19
1691 17
1692 23
1693 29
1694 35
1695 39
1696 43
1697 45
1698 49
1699 49
1700 53
1701 51
1702 47
1703 45
1704 33
1705 23
1706 11
1707 -1
1708 -5
1709 -15
1710 -19
1711 -19
1712 -25
1713 -25
1714 -23
1715 -25
1716 -21
1717 -19
1718 -19
1719 -17
1720 -17
1721 -13
1722 -11
1723 -17
1724 -11
1725 -15
1726 -13
1727 -11
1728 -17
1729 -13
1730 -19
1731 -21
1732 -17
1733 -21
1734 -21
1735 -19
1736 -21
1737 -23
1738 -21
1739 -25
1740 -21
1741 -25
1742 -25
1743 -21
1744 -25
1745 -27
1746 -27
1747 -27
1748 -23
1749 -23
1750 -23
1751 -23
1752 -21
1753 -25
1754 -25
1755 -25
1756 -23
1757 -23
1758 -25
1759 -19
1760 -13
1761 -3
1762 -3
1763 1
1764 13
1765 15
1766 11
1767 9
1768 -7
1769 -21
1770 -23
1771 -29
1772 -25
1773 -21
1774 -19
1775 -21
1776 -1
1777 117
1778 277
1779 317
1780 -5
1781 -129
1782 -89
1783 -27
1784 -17
1785 -23
1786 -27
1787 -27
1788 -27
1789 -27
1790 -23
1791 -23
1792 -21
1793 -21
1794 -21
1795 -27
1796 -19
1797 -13
1798 -13
1799 -9
1800 -11
1801 -5
1802 -1
1803 -7
1804 5
1805 5
1806 11
1807 21
1808 23
1809 27
1810 29
1811 29
1812 39
1813 39
1814 37
1815 41
1816 33
1817 25
1818 11
1819 -1
1820 -11
1821 -19
1822 -29
1823 -29
1824 -35
1825 -37
1826 -37
1827 -37
1828 -37
1829 -39
1830 -35
1831 -29
1832 -31
1833 -35
1834 -27
1835 -29
1836 -35
1837 -29
1838 -29
1839 -27
1840 -29
1841 -31
1842 -31
1843 -35
1844 -33
1845 -35
1846 -35
1847 -33
1848 -37
1849 -37
1850 -35
1851 -41
1852 -39
1853 -37
1854 -41
1855 -37
1856 -39
1857 -41
1858 -39
1859 -41
1860 -41
1861 -39
1862 -47
1863 -39
1864 -39
1865 -43
1866 -39
1867 -45
1868 -41
1869 -41
1870 -43
1871 -41
1872 -47
1873 -43
1874 -41
1875 -43
1876 -29
1877 -23
1878 -25
1879 -15
1880 -3
1881 -9
1882 -9
1883 -19
1884 -27
1885 -45
1886 -47
1887 -47
1888 -49
1889 -45
1890 -43
1891 -43
1892 -25
1893 101
1894 267
1895 201
1896 -91
1897 -147
1898 -99
1899 -51
1900 -47
1901 -47
1902 -49
1903 -47
1904 -51
1905 -51
1906 -45
1907 -49
1908 -47
1909 -45
1910 -51
1911 -41
1912 -39
1913 -37
1914 -37
1915 -39
1916 -33
1917 -29
1918 -29
1919 -25
1920 -21
1921 -17
1922 -11
1923 -11
1924 -3
1925 1
1926 3
1927 7
1928 11
1929 13
1930 15
1931 9
1932 9
1933 5
1934 -7
1935 -19
1936 -33
1937 -45
1938 -47
1939 -55
1940 -61
1941 -61
1942 -63
1943 -61
1944 -61
1945 -63
1946 -59
1947 -59
1948 -57
1949 -57
1950 -59
1951 -53
1952 -57
1953 -53
1954 -53
1955 -55
1956 -57
1957 -59
1958 -59
1959 -55
1960 -55
1961 -59
1962 -61
1963 -65
1964 -61
1965 -59
1966 -61
1967 -59
1968 -57
1969 -63
1970 -61
1971 -61
1972 -59
1973 -61
1974 -59
1975 -61
1976 -59
1977 -59
1978 -57
1979 -61
1980 -59
1981 -57
1982 -57
1983 -59
1984 -55
1985 -55
1986 -59
1987 -59
1988 -57
1989 -57
1990 -57
1991 -53
1992 -57
1993 -55
1994 -55
1995 -55
1996 -51
1997 -43
1998 -37
1999 -35
2000 -29
2001 -17
2002 -13
2003 -19
2004 -17
2005 -33
2006 -47
2007 -55
2008 -57
2009 -55
2010 -51
2011 -55
2012 -49
2013 -41
2014 19
2015 167
2016 267
2017 15
2018 -147
2019 -133
2020 -73
2021 -49
2022 -53
2023 -53
2024 -53
2025 -53
2026 -53
2027 -55
2028 -53
2029 -51
2030 -49
2031 -45
2032 -45
2033 -47
2034 -43
2035 -41
2036 -37
2037 -37
2038 -33
2039 -27
2040 -27
2041 -23
2042 -15
2043 -17
2044 -13
2045 -9
2046 -3
2047 5
2048 5
2049 7
2050 13
2051 9
2052 13
2053 13
2054 5
2055 1
2056 -11
2057 -23
2058 -31
2059 -43
2060 -47
2061 -53
2062 -57
2063 -53
2064 -55
2065 -59
2066 -57
2067 -55
2068 -51
2069 -53
2070 -51
2071 -47
2072 -47
2073 -49
2074 -49
2075 -49
2076 -49
2077 -49
2078 -47
2079 -45
2080 -51
2081 -47
2082 -49
2083 -53
2084 -49
2085 -49
2086 -49
2087 -47
2088 -49
2089 -49
2090 -49
2091 -53
2092 -49
2093 -49
2094 -51
2095 -43
2096 -43
2097 -47
2098 -45
2099 -49
2100 -47
2101 -45
2102 -49
2103 -43
2104 -43
2105 -41
2106 -45
2107 -43
2108 -39
2109 -39
2110 -39
2111 -37
2112 -37
2113 -35
2114 -35
2115 -35
2116 -31
2117 -31
2118 -27
2119 -17
2120 -15
2121 -11
2122 -1
2123 1
2124 3
2125 -1
2126 -15
2127 -23
2128 -31
2129 -35
2130 -35
2131 -35
2132 -27
2133 -21
2134 -17
2135 65
2136 203
2137 263
2138 19
2139 -121
2140 -99
2141 -47
2142 -33
2143 -29
2144 -31
2145 -29
2146 -31
2147 -35
2148 -31
2149 -29
2150 -29
2151 -25
2152 -25
2153 -25
2154 -23
2155 -21
2156 -17
2157 -15
2158 -11
2159 -5
2160 -7
2161 -3
2162 -1
2163 3
2164 9
2165 9
2166 17
2167 23
2168 25
2169 29
2170 35
2171 33
2172 35
2173 35
2174 29
2175 29
2176 17
2177 9
2178 1
2179 -17
2180 -17
2181 -23
2182 -29
2183 -29
2184 -33
2185 -33
2186 -31
2187 -37
2188 -31
2189 -29
2190 -25
2191 -23
2192 -23
2193 -25
2194 -25
2195 -27
2196 -21
2197 -21
2198 -21
2199 -19
2200 -23
2201 -25
2202 -27
2203 -25
2204 -25
2205 -27
2206 -27
2207 -21
2208 -27
2209 -29
2210 -25
2211 -27
2212 -25
2213 -25
2214 -25
2215 -21
2216 -27
2217 -25
2218 -23
2219 -25
2220 -21
2221 -23
2222 -23
2223 -17
2224 -21
2225 -21
2226 -19
2227 -23
2228 -23
2229 -21
2230 -15
2231 -13
2232 -19
2233 -15
2234 -19
2235 -21
2236 -15
2237 -13
2238 -11
2239 -3
2240 9
2241 7
2242 13
2243 23
2244 25
2245 27
2246 15
2247 7
2248 -3
2249 -13
2250 -11
2251 -17
2252 -11
2253 -7
2254 -3
2255 7
2256 115
2257 265
2258 297
2259 21
2260 -105
2261 -73
2262 -15
2263 -3
2264 -7
2265 -7
2266 -7
2267 -9
2268 -7
2269 -3
2270 -3
2271 1
2272 1
2273 1
2274 3
2275 1
2276 5
2277 11
2278 13
2279 17
2280 19
2281 25
2282 23
2283 25
2284 31
2285 37
2286 39
2287 49
2288 49
2289 57
2290 61
2291 61
2292 67
2293 65
2294 63
2295 61
2296 59
2297 51
2298 37
2299 21
2300 17
2301 5
2302 -3
2303 -3
2304 -5
2305 -7
2306 -9
2307 -11
2308 -3
2309 -3
2310 1
2311 5
2312 5
2313 3
2314 5
2315 7
2316 9
2317 15
2318 15
2319 17
2320 17
2321 17
2322 19
2323 19
2324 21
2325 21
2326 25
2327 29
2328 29
2329 31
2330 31
2331 33
2332 35
2333 39
2334 39
2335 41
2336 43
2337 45
2338 45
2339 47
2340 47
2341 49
2342 49
2343 51
2344 53
2345 53
2346 51
2347 53
2348 55
2349 55
2350 53
2351 55
2352 57
2353 55
2354 55
2355 57
2356 57
2357 57
2358 57
2359 59
2360 59
2361 59
2362 61
2363 61
2364 61
2365 59
2366 57
2367 57
2368 55
2369 55
2370 55
2371 55
2372 55
2373 57
2374 61
2375 79
2376 101
2377 77
2378 41
2379 35
2380 43
2381 47
2382 45
2383 43
2384 43
2385 41
2386 39
2387 37
2388 37
2389 35
2390 35
2391 31
2392 31
2393 31
2394 29
2395 29
2396 31
2397 27
2398 29
2399 33
2400 33
2401 33
2402 33
2403 35
2404 39
2405 43
2406 45
2407 51
2408 53
2409 57
2410 57
2411 57
2412 59
2413 59
2414 53
2415 45
2416 37
2417 21
2418 7
2419 1
2420 -3
2421 -7
2422 -11
2423 -11
2424 -15
2425 -17
2426 -13
2427 -15
2428 -13
2429 -11
2430 -13
2431 -9
2432 -5
2433 -9
2434 -3
2435 -9
2436 -9
2437 -5
2438 -9
2439 -13
2440 -9
2441 -7
2442 -7
2443 -15
2444 -11
2445 -19
2446 -7
2447 -7
2448 -13
2449 -11
2450 -13
2451 -15
2452 -17
2453 -13
2454 -7
2455 -3
2456 -7
2457 -13
2458 -15
2459 -7
2460 -9
2461 -15
2462 -7
2463 -3
2464 -15
2465 -11
2466 -11
2467 -19
2468 -11
2469 -11
2470 -15
2471 1
2472 -5
2473 -9
2474 -1
2475 9
2476 13
2477 15
2478 37
2479 41
2480 29
2481 1
2482 -5
2483 -19
2484 -21
2485 -15
2486 -13
2487 -11
2488 -7
2489 1
2490 63
2491 213
2492 317
2493 69
2494 -117
2495 -79
2496 -37
2497 -15
2498 -19
2499 -21
2500 -15
2501 -19
2502 -5
2503 -13
2504 -15
2505 -15
2506 -17
2507 -17
2508 -7
2509 -5
2510 -5
2511 -1
2512 -1
2513 -1
2514 7
2515 11
2516 7
2517 21
2518 17
2519 27
2520 27
2521 31
2522 31
2523 35
2524 45
2525 49
2526 49
2527 53
2528 61
2529 47
2530 35
2531 25
2532 11
2533 9
2534 -3
2535 -9
2536 -13
2537 -23
2538 -31
2539 -21
2540 -31
2541 -25
2542 -25
2543 -19
2544 -27
2545 -23
2546 -13
2547 -27
2548 -21
2549 -13
2550 -25
2551 -19
2552 -19
2553 -21
2554 -21
2555 -25
2556 -31
2557 -27
2558 -21
2559 -29
2560 -31
2561 -29
2562 -27
2563 -31
2564 -27
2565 -27
2566 -33
2567 -29
2568 -29
2569 -29
2570 -25
2571 -33
2572 -33
2573 -33
2574 -33
2575 -29
2576 -19
2577 -27
2578 -27
2579 -33
2580 -27
2581 -29
2582 -29
2583 -23
2584 -27
2585 -29
2586 -29
2587 -25
2588 -17
2589 -11
2590 -9
2591 1
2592 11
2593 13
2594 3
2595 15
2596 -5
2597 -15
2598 -23
2599 -29
2600 -23
2601 -23
2602 -25
2603 -11
2604 -17
2605 29
2606 171
2607 291
2608 101
2609 -101
2610 -99
2611 -53
2612 -21
2613 -19
2614 -19
2615 -23
2616 -17
2617 -27
2618 -25
2619 -13
2620 -15
2621 -17
2622 -19
2623 -15
2624 -9
2625 -11
2626 -7
2627 -7
2628 -5
2629 5
2630 -3
2631 13
2632 9
2633 13
2634 23
2635 15
2636 21
2637 43
2638 31
2639 35
2640 37
2641 37
2642 43
2643 41
2644 43
2645 31
2646 31
2647 15
2648 1
2649 3
2650 -21
2651 -25
2652 -29
2653 -23
2654 -31
2655 -37
2656 -33
2657 -27
2658 -23
2659 -25
2660 -27
2661 -29
2662 -13
2663 -25
2664 -25
2665 -23
2666 -17
2667 -29
2668 -31
2669 -25
2670 -23
2671 -27
2672 -33
2673 -27
2674 -29
2675 -37
2676 -31
2677 -37
2678 -35
2679 -29
2680 -31
2681 -33
2682 -35
2683 -31
2684 -37
2685 -29
2686 -37
2687 -35
2688 -35
2689 -33
2690 -27
2691 -41
2692 -31
2693 -33
2694 -29
2695 -31
2696 -31
2697 -29
2698 -37
2699 -39
2700 -29
2701 -27
2702 -31
2703 -31
2704 -27
2705 -23
2706 -15
2707 -15
2708 1
2709 1
2710 5
2711 9
2712 1
2713 -9
2714 -21
2715 -29
2716 -27
2717 -37
2718 -29
2719 -23
2720 -29
2721 -23
2722 65
2723 213
2724 245
2725 5
2726 -123
2727 -103
2728 -35
2729 -35
2730 -25
2731 -39
2732 -33
2733 -35
2734 -35
2735 -33
2736 -31
2737 -29
2738 -31
2739 -29
2740 -23
2741 -21
2742 -25
2743 -21
2744 -19
2745 -19
2746 -7
2747 -13
2748 -13
2749 3
2750 -3
2751 3
2752 7
2753 9
2754 13
2755 19
2756 17
2757 27
2758 29
2759 31
2760 21
2761 27
2762 19
2763 13
2764 -1
2765 -11
2766 -17
2767 -27
2768 -35
2769 -41
2770 -45
2771 -49
2772 -49
2773 -47
2774 -47
2775 -39
2776 -49
2777 -37
2778 -37
2779 -43
2780 -49
2781 -43
2782 -41
2783 -43
2784 -43
2785 -39
2786 -39
2787 -53
2788 -47
2789 -39
2790 -51
2791 -51
2792 -49
2793 -47
2794 -55
2795 -51
2796 -55
2797 -47
2798 -51
2799 -47
2800 -51
2801 -45
2802 -53
2803 -47
2804 -51
2805 -43
2806 -51
2807 -49
2808 -37
2809 -55
2810 -53
2811 -49
2812 -51
2813 -45
2814 -47
2815 -45
2816 -45
2817 -43
2818 -51
2819 -49
2820 -51
2821 -51
2822 -47
2823 -47
2824 -45
2825 -45
2826 -31
2827 -29
2828 -29
2829 -15
2830 -9
2831 -9
2832 -15
2833 -25
2834 -49
2835 -53
2836 -51
2837 -47
2838 -53
2839 -49
2840 -41
2841 -37
2842 15
2843 155
2844 243
2845 23
2846 -137
2847 -117
2848 -55
2849 -47
2850 -49
2851 -51
2852 -47
2853 -45
2854 -43
2855 -47
2856 -45
2857 -41
2858 -45
2859 -43
2860 -39
2861 -39
2862 -31
2863 -31
2864 -27
2865 -31
2866 -27
2867 -25
2868 -15
2869 -17
2870 -15
2871 -7
2872 -5
2873 1
2874 -1
2875 3
2876 17
2877 17
2878 13
2879 21
2880 15
2881 13
2882 9
2883 -3
2884 -15
2885 -27
2886 -35
2887 -43
2888 -49
2889 -51
2890 -53
2891 -57
2892 -61
2893 -51
2894 -53
2895 -51
2896 -49
2897 -47
2898 -49
2899 -51
2900 -49
2901 -49
2902 -49
2903 -47
2904 -47
2905 -55
2906 -49
2907 -55
2908 -53
2909 -53
2910 -53
2911 -53
2912 -53
2913 -53
2914 -55
2915 -55
2916 -55
2917 -57
2918 -57
2919 -53
2920 -55
2921 -53
2922 -55
2923 -53
2924 -55
2925 -55
2926 -55
2927 -53
2928 -53
2929 -51
2930 -55
2931 -57
2932 -57
2933 -53
2934 -55
2935 -55
2936 -53
2937 -53
2938 -51
2939 -55
2940 -53
2941 -49
2942 -51
2943 -51
2944 -47
2945 -37
2946 -31
2947 -33
2948 -19
2949 -9
2950 -13
2951 -9
2952 -23
2953 -41
2954 -53
2955 -57
2956 -53
2957 -51
2958 -53
2959 -49
2960 -41
2961 -19
2962 109
2963 259
2964 153
2965 -91
2966 -147
2967 -103
2968 -53
2969 -49
2970 -53
2971 -53
2972 -53
2973 -51
2974 -49
2975 -47
2976 -47
2977 -49
2978 -47
2979 -47
2980 -43
2981 -41
2982 -37
2983 -37
2984 -31
2985 -31
2986 -29
2987 -29
2988 -25
2989 -17
2990 -17
2991 -11
2992 -5
2993 -1
2994 1
2995 7
2996 5
2997 15
2998 15
2999 15
3000 17
3001 11
3002 3
3003 -1
3004 -15
3005 -27
3006 -39
3007 -45
3008 -49
3009 -53
3010 -59
3011 -57
3012 -55
3013 -55
3014 -57
3015 -53
3016 -55
3017 -51
3018 -49
3019 -51
3020 -51
3021 -49
3022 -53
3023 -53
3024 -49
3025 -49
3026 -47
3027 -55
3028 -53
3029 -51
3030 -55
3031 -55
3032 -53
3033 -57
3034 -55
3035 -53
3036 -55
3037 -57
3038 -59
3039 -53
3040 -55
3041 -57
3042 -55
3043 -53
3044 -51
3045 -53
3046 -59
3047 -53
3048 -51
3049 -53
3050 -53
3051 -53
3052 -55
3053 -51
3054 -53
3055 -49
3056 -49
3057 -51
3058 -49
3059 -51
3060 -49
3061 -47
3062 -39
3063 -23
3064 -25
3065 -21
3066 -9
3067 -9
3068 -11
3069 -15
3070 -29
3071 -39
3072 -45
3073 -45
3074 -41
3075 -45
3076 -43
3077 -35
3078 -25
3079 73
3080 213
3081 235
3082 -3
3083 -137
3084 -111
3085 -59
3086 -35
3087 -37
3088 -39
3089 -37
3090 -35
3091 -37
3092 -35
3093 -33
3094 -31
3095 -29
3096 -31
3097 -25
3098 -27
3099 -27
3100 -23
3101 -19
3102 -19
3103 -15
3104 -11
3105 -9
3106 -3
3107 -3
3108 1
3109 5
3110 7
3111 19
3112 21
3113 25
3114 25
3115 25
3116 29
3117 29
3118 27
3119 21
3120 19
3121 9
3122 1
3123 -13
3124 -27
3125 -31
3126 -33
3127 -35
3128 -37
3129 -37
3130 -37
3131 -37
3132 -33
3133 -35
3134 -35
3135 -31
3136 -27
3137 -29
3138 -31
3139 -35
3140 -31
3141 -33
3142 -29
3143 -29
3144 -27
3145 -35
3146 -29
3147 -35
3148 -35
3149 -33
3150 -33
3151 -33
3152 -35
3153 -35
3154 -39
3155 -37
3156 -35
3157 -35
3158 -35
3159 -31
3160 -35
3161 -31
3162 -33
3163 -37
3164 -35
3165 -35
3166 -37
3167 -33
3168 -29
3169 -27
3170 -33
3171 -37
3172 -35
3173 -35
3174 -37
3175 -29
3176 -25
3177 -33
3178 -33
3179 -37
3180 -29
3181 -29
3182 -31
3183 -19
3184 -9
3185 -11
3186 -1
3187 7
3188 11
3189 7
3190 -7
3191 -11
3192 -27
3193 -35
3194 -29
3195 -33
3196 -25
3197 -27
3198 -25
3199 -11
3200 107
3201 261
3202 215
3203 -43
3204 -127
3205 -85
3206 -33
3207 -23
3208 -25
3209 -29
3210 -27
3211 -31
3212 -27
3213 -25
3214 -25
3215 -21
3216 -25
3217 -19
3218 -19
3219 -17
3220 -17
3221 -11
3222 -11
3223 -5
3224 -1
3225 7
3226 1
3227 11
3228 17
3229 29
3230 23
3231 19
3232 25
3233 31
3234 39
3235 41
3236 45
3237 53
3238 47
3239 47
3240 43
3241 25
3242 17
3243 1
3244 -3
3245 -17
3246 -19
3247 -21
3248 -21
3249 -31
3250 -31
3251 -29
3252 -29
3253 -25
3254 -23
3255 -21
3256 -19
3257 -21
3258 -21
3259 -19
3260 -19
3261 -17
3262 -17
3263 -17
3264 -23
3265 -21
3266 -23
3267 -25
3268 -21
3269 -23
3270 -23
3271 -23
3272 -21
3273 -25
3274 -25
3275 -29
3276 -23
3277 -27
3278 -25
3279 -23
3280 -23
3281 -25
3282 -25
3283 -27
3284 -27
3285 -25
3286 -21
3287 -21
3288 -23
3289 -25
3290 -25
3291 -25
3292 -25
3293 -23
3294 -23
3295 -23
3296 -19
3297 -21
3298 -25
3299 -21
3300 -19
3301 -19
3302 -19
3303 -15
3304 -17
3305 -9
3306 1
3307 1
3308 9
3309 21
3310 25
3311 19
3312 19
3313 -1
3314 -7
3315 -17
3316 -19
3317 -15
3318 -15
3319 -13
3320 -5
3321 -5
3322 59
3323 207
3324 313
3325 75
3326 -97
3327 -79
3328 -25
3329 -7
3330 3
3331 -5
3332 -9
3333 -9
3334 -9
3335 -3
3336 -1
3337 -3
3338 1
3339 -1
3340 5
3341 5
3342 7
3343 11
3344 15
3345 17
3346 15
3347 19
3348 25
3349 27
3350 33
3351 39
3352 43
3353 45
3354 53
3355 55
3356 61
3357 63
3358 67
3359 67
3360 71
3361 63
3362 55
3363 41
3364 31
3365 21
3366 11
3367 5
3368 -3
3369 1
3370 -7
3371 -11
3372 -1
3373 -9
3374 3
3375 -3
3376 -5
3377 -1
3378 1
3379 -1
3380 3
3381 3
3382 5
3383 5
3384 7
3385 7
3386 3
3387 -1
3388 3
3389 3
3390 1
3391 1
3392 1
3393 5
3394 3
3395 -3
3396 1
3397 3
3398 1
3399 11
3400 5
3401 -3
3402 3
3403 -1
3404 5
3405 3
3406 3
3407 5
3408 5
3409 11
3410 7
3411 3
3412 3
3413 7
3414 9
3415 7
3416 11
3417 13
3418 9
3419 7
3420 9
3421 13
3422 15
3423 17
3424 13
3425 19
3426 29
3427 29
3428 35
3429 49
3430 53
3431 51
3432 53
3433 41
3434 25
3435 15
3436 15
3437 11
3438 17
3439 23
3440 23
3441 33
3442 121
3443 265
3444 339
3445 87
3446 -77
3447 -51
3448 7
3449 21
3450 23
3451 19
3452 21
3453 19
3454 23
3455 27
3456 27
3457 29
3458 27
3459 25
3460 31
3461 31
3462 35
3463 37
3464 43
3465 43
3466 49
3467 51
3468 51
3469 55
3470 63
3471 67
3472 71
3473 73
3474 81
3475 85
3476 97
3477 81
3478 95
3479 93
3480 91
3481 89
3482 77
3483 69
3484 63
3485 53
3486 39
3487 29
3488 15
3489 23
3490 17
3491 11
3492 17
3493 21
3494 19
3495 23
3496 21
3497 21
3498 21
3499 15
3500 23
3501 25
3502 27
3503 23
3504 23
3505 19
3506 19
3507 17
3508 19
3509 21
3510 19
3511 23
3512 19
3513 17
3514 19
3515 15
3516 17
3517 23
3518 19
3519 19
3520 23
3521 17
3522 21
3523 19
3524 23
3525 25
3526 25
3527 25
3528 21
3529 25
3530 23
3531 23
3532 23
3533 27
3534 27
3535 27
3536 31
3537 27
3538 25
3539 23
3540 29
3541 27
3542 27
3543 29
3544 29
3545 29
3546 31
3547 39
3548 39
3549 45
3550 55
3551 61
3552 55
3553 47
3554 37
3555 29
3556 25
3557 21
3558 19
3559 19
3560 23
3561 23
3562 29
3563 97
3564 235
3565 313
3566 87
3567 -61
3568 -53
3569 5
3570 17
3571 15
3572 15
3573 17
3574 15
3575 15
3576 17
3577 19
3578 17
3579 19
3580 21
3581 17
3582 19
3583 27
3584 25
3585 29
3586 31
3587 31
3588 35
3589 41
3590 41
3591 49
3592 51
3593 55
3594 63
3595 63
3596 71
3597 73
3598 73
3599 85
3600 85
3601 79
3602 71
3603 63
3604 61
3605 43
3606 29
3607 23
3608 13
3609 7
3610 1
3611 -1
3612 1
3613 -1
3614 -3
3615 5
3616 5
3617 3
3618 5
3619 1
3620 5
3621 7
3622 3
3623 9
3624 3
3625 5
3626 3
3627 -1
3628 3
3629 1
3630 -3
3631 1
3632 -3
3633 -5
3634 -5
3635 -5
3636 -7
3637 -7
3638 -7
3639 -5
3640 -5
3641 -7
3642 -5
3643 -9
3644 -9
3645 -9
3646 -7
3647 -5
3648 -7
3649 -7
3650 -7
3651 -11
3652 -9
3653 -7
3654 -9
3655 -3
3656 -5
3657 -7
3658 -7
3659 -9
3660 -9
3661 -9
3662 -5
3663 -5
3664 -5
3665 -5
3666 1
3667 5
3668 5
3669 11
3670 23
3671 31
3672 25
3673 21
3674 5
3675 -5
3676 -11
3677 -15
3678 -13
3679 -9
3680 -11
3681 -7
3682 -3
3683 95
3684 233
3685 275
3686 33
3687 -95
3688 -75
3689 -25
3690 -11
3691 -17
3692 -11
3693 -15
3694 -13
3695 -9
3696 -11
3697 -11
3698 -5
3699 -5
3700 -3
3701 -1
3702 -3
3703 1
3704 3
3705 5
3706 7
3707 5
3708 11
3709 17
3710 17
3711 25
3712 27
3713 31
3714 33
3715 35
3716 43
3717 45
3718 47
3719 53
3720 53
3721 55
3722 51
3723 39
3724 37
3725 23
3726 11
3727 5
3728 -3
3729 -11
3730 -19
3731 -23
3732 -23
3733 -21
3734 -19
3735 -19
3736 -17
3737 -21
3738 -19
3739 -21
3740 -17
3741 -17
3742 -15
3743 -17
3744 -15
3745 -19
3746 -17
3747 -17
3748 -17
3749 -13
3750 -15
3751 -15
3752 -17
3753 -17
3754 -17
3755 -21
3756 -17
3757 -15
3758 -17
3759 -15
3760 -13
3761 -17
3762 -15
3763 -19
3764 -19
3765 -17
3766 -19
3767 -19
3768 -19
3769 -17
3770 -17
3771 -23
3772 -19
3773 -17
3774 -21
3775 -19
3776 -21
3777 -21
3778 -19
3779 -23
3780 -23
3781 -19
3782 -21
3783 -17
3784 -21
3785 -13
3786 -3
3787 -7
3788 5
3789 15
3790 9
3791 11
3792 1
3793 -11
3794 -23
3795 -27
3796 -25
3797 -25
3798 -23
3799 -15
3800 -15
3801 3
3802 121
3803 255
3804 183
3805 -41
3806 -103
3807 -75
3808 -33
3809 -23
3810 -27
3811 -31
3812 -25
3813 -25
3814 -27
3815 -21
3816 -23
3817 -23
3818 -23
3819 -23
3820 -19
3821 -19
3822 -17
3823 -15
3824 -11
3825 -11
3826 -9
3827 -5
3828 -3
3829 1
3830 5
3831 9
3832 13
3833 13
3834 19
3835 21
3836 31
3837 29
3838 27
3839 33
3840 33
3841 29
3842 25
3843 13
3844 5
3845 -3
3846 -13
3847 -15
3848 -23
3849 -27
3850 -31
3851 -35
3852 -31
3853 -33
3854 -33
3855 -29
3856 -27
3857 -27
3858 -29
3859 -31
3860 -25
3861 -23
3862 -25
3863 -23
3864 -21
3865 -27
3866 -27
3867 -31
3868 -27
3869 -25
3870 -27
3871 -27
3872 -29
3873 -27
3874 -29
3875 -33
3876 -31
3877 -29
3878 -33
3879 -31
3880 -31
3881 -33
3882 -33
3883 -35
3884 -31
3885 -31
3886 -37
3887 -31
3888 -35
3889 -35
3890 -31
3891 -37
3892 -35
3893 -37
3894 -35
3895 -31
3896 -33
3897 -35
3898 -35
3899 -39
3900 -37
3901 -35
3902 -37
3903 -35
3904 -31
3905 -23
3906 -17
3907 -23
3908 -9
3909 1
3910 -3
3911 -3
3912 -17
3913 -23
3914 -29
3915 -41
3916 -41
3917 -39
3918 -37
3919 -31
3920 -29
3921 15
3922 141
3923 265
3924 105
3925 -95
3926 -115
3927 -65
3928 -43
3929 -41
3930 -41
3931 -43
3932 -41
3933 -39
3934 -43
3935 -37
3936 -39
3937 -39
3938 -37
3939 -39
3940 -37
3941 -29
3942 -27
3943 -23
3944 -23
3945 -21
3946 -17
3947 -17
3948 -13
3949 -9
3950 -7
3951 -3
3952 1
3953 9
3954 11
3955 13
3956 17
3957 21
3958 23
3959 23
3960 21
3961 19
3962 9
3963 1
3964 -13
3965 -21
3966 -29
3967 -37
3968 -41
3969 -43
3970 -45
3971 -49
3972 -47
3973 -45
3974 -45
3975 -43
3976 -45
3977 -43
3978 -39
3979 -45
3980 -41
3981 -41
3982 -43
3983 -41
3984 -41
3985 -41
3986 -43
3987 -47
3988 -47
3989 -47
3990 -49
3991 -49
3992 -53
3993 -53
3994 -53
3995 -55
3996 -55
3997 -55
3998 -57
3999 -57
4000 -55
4001 -61
4002 -61
4003 -61
4004 -59
4005 -61
4006 -59
4007 -57
4008 -61
4009 -61
4010 -61
4011 -63
4012 -61
4013 -63
4014 -63
4015 -59
4016 -63
4017 -65
4018 -63
4019 -63
4020 -63
4021 -61
4022 -63
4023 -63
4024 -57
4025 -53
4026 -49
4027 -51
4028 -39
4029 -31
4030 -37
4031 -33
4032 -47
4033 -59
4034 -69
4035 -73
4036 -71
4037 -67
4038 -67
4039 -63
4040 -57
4041 -11
4042 109
4043 225
4044 59
4045 -123
4046 -137
4047 -91
4048 -65
4049 -65
4050 -65
4051 -69
4052 -67
4053 -65
4054 -65
4055 -63
4056 -63
4057 -63
4058 -63
4059 -65
4060 -59
4061 -57
4062 -57
4063 -53
4064 -53
4065 -51
4066 -49
4067 -49
4068 -45
4069 -41
4070 -37
4071 -31
4072 -27
4073 -29
4074 -25
4075 -19
4076 -13
4077 -11
4078 -11
4079 -9
4080 -9
4081 -17
4082 -23
4083 -33
4084 -43
4085 -51
4086 -59
4087 -65
4088 -71
4089 -75
4090 -77
4091 -77
4092 -77
4093 -75
4094 -77
4095 -75
4096 -73
4097 -73
4098 -73
4099 -71
4100 -69
4101 -71
4102 -73
4103 -69
4104 -71
4105 -75
4106 -73
4107 -75
4108 -75
4109 -73
4110 -77
4111 -77
4112 -77
4113 -77
4114 -79
4115 -85
4116 -81
4117 -79
4118 -81
4119 -79
4120 -81
4121 -81
4122 -83
4123 -83
4124 -81
4125 -81
4126 -83
4127 -79
4128 -81
4129 -79
4130 -79
4131 -79
4132 -77
4133 -77
4134 -77
4135 -73
4136 -75
4137 -77
4138 -75
4139 -75
4140 -73
4141 -73
4142 -71
4143 -63
4144 -55
4145 -55
4146 -47
4147 -41
4148 -43
4149 -43
4150 -53
4151 -61
4152 -69
4153 -73
4154 -73
4155 -73
4156 -69
4157 -63
4158 -59
4159 1
4160 121
4161 193
4162 13
4163 -129
4164 -125
4165 -87
4166 -65
4167 -61
4168 -59
4169 -61
4170 -59
4171 -61
4172 -57
4173 -57
4174 -53
4175 -49
4176 -47
4177 -51
4178 -47
4179 -45
4180 -45
4181 -43
4182 -39
4183 -35
4184 -29
4185 -29
4186 -25
4187 -25
4188 -21
4189 -17
4190 -11
4191 -9
4192 -5
4193 -1
4194 3
4195 1
4196 3
4197 3
4198 3
4199 1
4200 -3
4201 -13
4202 -19
4203 -29
4204 -33
4205 -37
4206 -41
4207 -43
4208 -43
4209 -41
4210 -45
4211 -43
4212 -43
4213 -41
4214 -37
4215 -41
4216 -37
4217 -37
4218 -35
4219 -35
4220 -37
4221 -37
4222 -39
4223 -37
4224 -37
4225 -37
4226 -41
4227 -43
4228 -43
4229 -43
4230 -47
4231 -45
4232 -49
4233 -45
4234 -47
4235 -53
4236 -51
4237 -49
4238 -51
4239 -51
4240 -49
4241 -53
4242 -53
4243 -55
4244 -53
4245 -53
4246 -51
4247 -53
4248 -55
4249 -53
4250 -53
4251 -55
4252 -55
4253 -49
4254 -51
4255 -53
4256 -53
4257 -49
4258 -49
4259 -51
4260 -49
4261 -49
4262 -49
4263 -45
4264 -35
4265 -35
4266 -31
4267 -27
4268 -13
4269 -15
4270 -17
4271 -29
4272 -35
4273 -41
4274 -49
4275 -45
4276 -47
4277 -43
4278 -43
4279 -39
4280 -27
4281 75
4282 203
4283 155
4284 -67
4285 -115
4286 -79
4287 -43
4288 -43
4289 -43
4290 -45
4291 -47
4292 -43
4293 -41
4294 -41
4295 -35
4296 -37
4297 -37
4298 -37
4299 -35
4300 -31
4301 -29
4302 -25
4303 -21
4304 -19
4305 -15
4306 -13
4307 -11
4308 -11
4309 -5
4310 -1
4311 7
4312 15
4313 17
4314 21
4315 21
4316 27
4317 29
4318 27
4319 29
4320 23
4321 11
4322 -1
4323 -11
4324 -21
4325 -27
4326 -31
4327 -37
4328 -41
4329 -41
4330 -45
4331 -47
4332 -45
4333 -45
4334 -43
4335 -39
4336 -41
4337 -41
4338 -39
4339 -39
4340 -39
4341 -37
4342 -37
4343 -35
4344 -35
4345 -39
4346 -39
4347 -43
4348 -43
4349 -43
4350 -43
4351 -43
4352 -43
4353 -45
4354 -47
4355 -47
4356 -49
4357 -49
4358 -49
4359 -49
4360 -45
4361 -49
4362 -49
4363 -51
4364 -49
4365 -47
4366 -49
4367 -49
4368 -49
4369 -49
4370 -49
4371 -49
4372 -49
4373 -47
4374 -47
4375 -43
4376 -43
4377 -49
4378 -49
4379 -45
4380 -43
4381 -41
4382 -43
4383 -37
4384 -37
4385 -37
4386 -33
4387 -23
4388 -21
4389 -17
4390 -5
4391 5
4392 -1
4393 -9
4394 -19
4395 -31
4396 -35
4397 -35
4398 -35
4399 -33
4400 -31
4401 -27
4402 -17
4403 67
4404 211
4405 233
4406 -11
4407 -117
4408 -95
4409 -41
4410 -27
4411 -33
4412 -31
4413 -29
4414 -31
4415 -25
4416 -29
4417 -23
4418 -23
4419 -27
4420 -23
4421 -21
4422 -19
4423 -15
4424 -13
4425 -11
4426 -5
4427 -7
4428 -1
4429 3
4430 9
4431 13
4432 13
4433 15
4434 21
4435 25
4436 33
4437 37
4438 37
4439 45
4440 47
4441 45
4442 41
4443 37
4444 29
4445 19
4446 5
4447 -3
4448 -9
4449 -17
4450 -23
4451 -27
4452 -27
4453 -27
4454 -27
4455 -23
4456 -27
4457 -25
4458 -23
4459 -23
4460 -17
4461 -17
4462 -15
4463 -13
4464 -13
4465 -15
4466 -13
4467 -17
4468 -13
4469 -15
4470 -17
4471 -15
4472 -15
4473 -15
4474 -13
4475 -19
4476 -19
4477 -15
4478 -15
4479 -13
4480 -13
4481 -13
4482 -11
4483 -15
4484 -13
4485 -11
4486 -13
4487 -11
4488 -13
4489 -13
4490 -11
4491 -13
4492 -11
4493 -11
4494 -11
4495 -9
4496 -11
4497 -9
4498 -9
4499 -13
4500 -9
4501 -7
4502 -11
4503 -7
4504 -7
4505 -5
4506 -9
4507 -7
4508 3
4509 15
4510 11
4511 25
4512 33
4513 27
4514 31
4515 25
4516 15
4517 5
4518 1
4519 3
4520 3
4521 7
4522 9
4523 15
4524 29
4525 143
4526 285
4527 245
4528 -11
4529 -85
4530 -53
4531 -5
4532 11
4533 13
4534 5
4535 11
4536 11
4537 11
4538 9
4539 13
4540 13
4541 15
4542 13
4543 15
4544 17
4545 21
4546 19
4547 25
4548 27
4549 27
4550 29
4551 33
4552 41
4553 39
4554 43
4555 51
4556 51
4557 57
4558 59
4559 61
4560 69
4561 73
4562 75
4563 73
4564 69
4565 69
4566 61
4567 51
4568 39
4569 23
4570 11
4571 13
4572 -1
4573 -1
4574 -3
4575 -3
4576 -1
4577 -5
4578 -1
4579 -1
4580 -3
4581 3
4582 1
4583 3
4584 5
4585 7
4586 9
4587 7
4588 3
4589 1
4590 3
4591 5
4592 3
4593 1
4594 -1
4595 -1
4596 3
4597 -1
4598 1
4599 3
4600 1
4601 -3
4602 -1
4603 -9
4604 -1
4605 1
4606 1
4607 -1
4608 -3
4609 1
4610 -3
4611 -5
4612 -3
4613 -3
4614 -1
4615 1
4616 -1
4617 -3
4618 -3
4619 -3
4620 -3
4621 -3
4622 1
4623 1
4624 3
4625 -1
4626 -3
4627 -3
4628 3
4629 1
4630 -1
4631 7
4632 13
4633 23
4634 17
4635 23
4636 33
4637 35
4638 37
4639 27
4640 13
4641 1
4642 -1
4643 -5
4644 -3
4645 1
4646 1
4647 9
4648 33
4649 157
4650 307
4651 193
4652 -53
4653 -89
4654 -41
4655 -3
4656 5
4657 1
4658 -5
4659 -3
4660 -3
4661 1
4662 -3
4663 3
4664 9
4665 5
4666 5
4667 5
4668 11
4669 11
4670 13
4671 19
4672 21
4673 21
4674 27
4675 25
4676 31
4677 33
4678 37
4679 43
4680 53
4681 53
4682 55
4683 59
4684 65
4685 67
4686 67
4687 69
4688 65
4689 55
4690 47
4691 29
4692 21
4693 11
4694 3
4695 -5
4696 -7
4697 -9
4698 -13
4699 -17
4700 -13
4701 -13
4702 -9
4703 -5
4704 -7
4705 -5
4706 -9
4707 -7
4708 -7
4709 -9
4710 -7
4711 -5
4712 -5
4713 1
4714 -5
4715 -9
4716 -9
4717 -7
4718 -9
4719 -7
4720 -9
4721 -9
4722 -7
4723 -7
4724 -11
4725 -13
4726 -7
4727 -9
4728 -5
4729 -7
4730 -9
4731 -5
4732 -7
4733 -7
4734 -9
4735 -5
4736 -7
4737 -5
4738 -7
4739 -11
4740 -5
4741 -7
4742 -5
4743 -5
4744 -5
4745 -7
4746 -5
4747 -7
4748 -5
4749 -3
4750 -7
4751 -3
4752 -1
4753 -5
4754 -3
4755 -1
4756 3
4757 13
4758 15
4759 21
4760 29
4761 35
4762 31
4763 31
4764 21
4765 5
4766 -3
4767 -5
4768 -1
4769 1
4770 -1
4771 1
4772 15
4773 69
4774 201
4775 333
4776 141
4777 -85
4778 -85
4779 -27
4780 1
4781 3
4782 -1
4783 3
4784 1
4785 1
4786 5
4787 1
4788 3
4789 5
4790 3
4791 11
4792 9
4793 9
4794 13
4795 11
4796 17
4797 17
4798 23
4799 27
4800 31
4801 31
4802 35
4803 35
4804 41
4805 47
4806 49
4807 53
4808 59
4809 57
4810 57
4811 55
4812 55
4813 51
4814 43
4815 37
4816 27
4817 17
4818 11
4819 3
4820 1
4821 -3
4822 -1
4823 -5
4824 -3
4825 -3
4826 -3
4827 -5
4828 -3
4829 -1
4830 -1
4831 3
4832 -1
4833 1
4834 1
4835 -1
4836 -1
4837 1
4838 -3
4839 1
4840 -3
4841 -3
4842 -3
4843 -7
4844 -7
4845 -5
4846 -7
4847 -3
4848 -5
4849 -5
4850 -7
4851 -11
4852 -7
4853 -7
4854 -9
4855 -3
4856 -5
4857 -7
4858 -9
4859 -7
4860 -9
4861 -5
4862 -7
4863 -5
4864 -5
4865 -5
4866 -5
4867 -11
4868 -9
4869 -7
4870 -7
4871 -5
4872 -7
4873 -7
4874 -7
4875 -9
4876 -3
4877 -7
4878 -5
4879 1
4880 9
4881 15
4882 15
4883 21
4884 31
4885 27
4886 27
4887 21
4888 9
4889 3
4890 -3
4891 -3
4892 -3
4893 -1
4894 1
4895 7
4896 31
4897 141
4898 261
4899 149
4900 -41
4901 -65
4902 -31
4903 -5
4904 -1
4905 -1
4906 -3
4907 -7
4908 -5
4909 -3
4910 -7
4911 -3
4912 -1
4913 -1
4914 -1
4915 -1
4916 1
4917 3
4918 7
4919 9
4920 9
4921 13
4922 13
4923 17
4924 21
4925 25
4926 25
4927 29
4928 35
4929 41
4930 41
4931 43
4932 43
4933 47
4934 47
4935 47
4936 41
4937 35
4938 29
4939 11
4940 1
4941 -5
4942 -11
4943 -15
4944 -17
4945 -21
4946 -19
4947 -25
4948 -21
4949 -19
4950 -17
4951 -17
4952 -17
4953 -17
4954 -13
4955 -17
4956 -15
4957 -17
4958 -17
4959 -15
4960 -15
4961 -17
4962 -17
4963 -19
4964 -19
4965 -19
4966 -21
4967 -21
4968 -21
4969 -21
4970 -21
4971 -25
4972 -23
4973 -21
4974 -23
4975 -19
4976 -21
4977 -21
4978 -23
4979 -23
4980 -25
4981 -19
4982 -23
4983 -19
4984 -21
4985 -21
4986 -25
4987 -25
4988 -25
4989 -21
4990 -19
4991 -19
4992 -21
4993 -21
4994 -21
4995 -23
4996 -23
4997 -21
4998 -23
4999 -21
5000 -21
5001 -21
5002 -21
5003 -21
5004 -11
5005 -3
5006 -3
5007 1
5008 15
5009 9
5010 15
5011 1
5012 -9
5013 -21
5014 -21
5015 -23
5016 -23
5017 -25
5018 -21
5019 -21
5020 -9
5021 111
5022 243
5023 195
5024 -47
5025 -101
5026 -69
5027 -31
5028 -23
5029 -23
5030 -25
5031 -23
5032 -23
5033 -25
5034 -23
5035 -29
5036 -25
5037 -19
5038 -21
5039 -19
5040 -19
5041 -15
5042 -13
5043 -15
5044 -11
5045 -7
5046 -3
5047 1
5048 5
5049 5
5050 9
5051 11
5052 13
5053 19
5054 23
5055 29
5056 29
5057 29
5058 33
5059 29
5060 25
5061 21
5062 13
5063 5
5064 -7
5065 -19
5066 -25
5067 -35
5068 -33
5069 -37
5070 -37
5071 -37
5072 -35
5073 -35
5074 -37
5075 -39
5076 -33
5077 -33
5078 -31
5079 -31
5080 -29
5081 -31
5082 -33
5083 -37
5084 -33
5085 -29
5086 -33
5087 -35
5088 -35
5089 -35
5090 -35
5091 -39
5092 -39
5093 -37
5094 -39
5095 -35
5096 -41
5097 -39
5098 -39
5099 -43
5100 -41
5101 -41
5102 -39
5103 -37
5104 -37
5105 -37
5106 -39
5107 -41
5108 -43
5109 -41
5110 -35
5111 -35
5112 -37
5113 -39
5114 -39
5115 -39
5116 -37
5117 -35
5118 -37
5119 -35
5120 -33
5121 -33
5122 -33
5123 -33
5124 -35
5125 -31
5126 -33
5127 -29
5128 -25
5129 -21
5130 -13
5131 -9
5132 -3
5133 9
5134 9
5135 7
5136 5
5137 -11
5138 -23
5139 -27
5140 -31
5141 -29
5142 -29
5143 -25
5144 -19
5145 -13
5146 87
5147 227
5148 233
5149 -15
5150 -109
5151 -83
5152 -35
5153 -25
5154 -31
5155 -31
5156 -29
5157 -31
5158 -31
5159 -27
5160 -23
5161 -27
5162 -27
5163 -23
5164 -21
5165 -21
5166 -21
5167 -15
5168 -11
5169 -13
5170 -11
5171 -5
5172 -3
5173 1
5174 3
5175 7
5176 11
5177 11
5178 15
5179 17
5180 21
5181 23
5182 25
5183 27
5184 25
5185 23
5186 17
5187 11
5188 5
5189 -3
5190 -11
5191 -17
5192 -21
5193 -27
5194 -29
5195 -31
5196 -29
5197 -29
5198 -29
5199 -27
5200 -27
5201 -27
5202 -29
5203 -29
5204 -27
5205 -27
5206 -29
5207 -27
5208 -27
5209 -29
5210 -29
5211 -33
5212 -27
5213 -33
5214 -33
5215 -33
5216 -33
5217 -29
5218 -29
5219 -35
5220 -35
5221 -33
5222 -33
5223 -27
5224 -29
5225 -31
5226 -27
5227 -33
5228 -31
5229 -29
5230 -31
5231 -25
5232 -27
5233 -31
5234 -29
5235 -31
5236 -29
5237 -29
5238 -29
5239 -27
5240 -29
5241 -27
5242 -27
5243 -29
5244 -27
5245 -29
5246 -29
5247 -27
5248 -29
5249 -29
5250 -27
5251 -27
5252 -23
5253 -13
5254 -9
5255 -5
5256 3
5257 9
5258 5
5259 1
5260 -11
5261 -19
5262 -31
5263 -35
5264 -31
5265 -29
5266 -27
5267 -33
5268 -25
5269 61
5270 209
5271 293
5272 57
5273 -107
5274 -97
5275 -47
5276 -27
5277 -25
5278 -27
5279 -27
5280 -27
5281 -25
5282 -25
5283 -25
5284 -25
5285 -23
5286 -23
5287 -17
5288 -15
5289 -13
5290 -17
5291 -15
5292 -9
5293 -7
5294 -5
5295 -3
5296 3
5297 5
5298 5
5299 9
5300 13
5301 21
5302 23
5303 25
5304 29
5305 29
5306 33
5307 31
5308 29
5309 27
5310 19
5311 15
5312 9
5313 1
5314 -5
5315 -11
5316 -15
5317 -15
5318 -15
5319 -15
5320 -15
5321 -17
5322 -13
5323 -15
5324 -15
5325 -13
5326 -13
5327 -13
5328 -13
5329 -15
5330 -13
5331 -17
5332 -17
5333 -15
5334 -15
5335 -15
5336 -17
5337 -19
5338 -21
5339 -23
5340 -19
5341 -23
5342 -23
5343 -21
5344 -21
5345 -23
5346 -25
5347 -25
5348 -25
5349 -27
5350 -25
5351 -23
5352 -25
5353 -29
5354 -29
5355 -29
5356 -27
5357 -27
5358 -27
5359 -27
5360 -25
5361 -27
5362 -29
5363 -31
5364 -29
5365 -29
5366 -29
5367 -25
5368 -29
5369 -27
5370 -27
5371 -31
5372 -27
5373 -27
5374 -29
5375 -29
5376 -27
5377 -23
5378 -17
5379 -13
5380 -11
5381 -5
5382 7
5383 5
5384 9
5385 -7
5386 -17
5387 -27
5388 -31
5389 -31
5390 -29
5391 -29
5392 -27
5393 -23
5394 17
5395 139
5396 259
5397 115
5398 -79
5399 -97
5400 -55
5401 -29
5402 -27
5403 -31
5404 -33
5405 -29
5406 -31
5407 -29
5408 -27
5409 -27
5410 -25
5411 -29
5412 -23
5413 -23
5414 -21
5415 -15
5416 -15
5417 -15
5418 -11
5419 -11
5420 -7
5421 -3
5422 -1
5423 3
5424 7
5425 11
5426 13
5427 15
5428 21
5429 25
5430 23
5431 31
5432 33
5433 27
5434 25
5435 21
5436 15
5437 5
5438 -5
5439 -11
5440 -21
5441 -25
5442 -29
5443 -31
5444 -31
5445 -31
5446 -29
5447 -27
5448 -25
5449 -27
5450 -27
5451 -27
5452 -23
5453 -21
5454 -21
5455 -17
5456 -17
5457 -19
5458 -19
5459 -23
5460 -17
5461 -19
5462 -19
5463 -17
5464 -17
5465 -17
5466 -17
5467 -21
5468 -17
5469 -19
5470 -19
5471 -17
5472 -19
5473 -19
5474 -19
5475 -19
5476 -17
5477 -19
5478 -21
5479 -19
5480 -17
5481 -19
5482 -17
5483 -19
5484 -17
5485 -19
5486 -19
5487 -17
5488 -19
5489 -19
5490 -19
5491 -21
5492 -19
5493 -17
5494 -17
5495 -15
5496 -17
5497 -17
5498 -17
5499 -19
5500 -17
5501 -17
5502 -13
5503 -1
5504 -3
5505 1
5506 11
5507 11
5508 11
5509 7
5510 -1
5511 -7
5512 -13
5513 -13
5514 -15
5515 -13
5516 -11
5517 -9
5518 -7
5519 55
5520 163
5521 187
5522 23
5523 -67
5524 -55
5525 -21
5526 -13
5527 -13
5528 -15
5529 -13
5530 -13
5531 -15
5532 -15
5533 -13
5534 -13
5535 -9
5536 -11
5537 -9
5538 -11
5539 -9
5540 -7
5541 -5
5542 -1
5543 1
5544 3
5545 3
5546 9
5547 11
5548 15
5549 17
5550 19
5551 23
5552 29
5553 29
5554 33
5555 29
5556 37
5557 33
5558 33
5559 27
5560 21
5561 13
5562 5
5563 -3
5564 -5
5565 -11
5566 -13
5567 -13
5568 -15
5569 -13
5570 -13
5571 -15
5572 -13
5573 -15
5574 -11
5575 -9
5576 -7
5577 -7
5578 -9
5579 -7
5580 -7
5581 -9
5582 -9
5583 -5
5584 -5
5585 -7
5586 -5
5587 -9
5588 -5
5589 -7
5590 -7
5591 -5
5592 -5
5593 -3
5594 -7
5595 -9
5596 -5
5597 -9
5598 -7
5599 -5
5600 -5
5601 -7
5602 -9
5603 -11
5604 -9
5605 -11
5606 -11
5607 -11
5608 -15
5609 -17
5610 -13
5611 -13
5612 -17
5613 -11
5614 -9
5615 -11
5616 -11
5617 -11
5618 -19
5619 -15
5620 -15
5621 -13
5622 -13
5623 -11
5624 -15
5625 -15
5626 -19
5627 -21
5628 -19
5629 -13
5630 -3
5631 1
5632 -1
5633 11
5634 7
5635 13
5636 7
5637 -9
5638 -21
5639 -25
5640 -21
5641 -25
5642 -23
5643 -23
5644 -15
5645 1
5646 111
5647 223
5648 155
5649 -41
5650 -85
5651 -61
5652 -25
5653 -19
5654 -23
5655 -19
5656 -25
5657 -19
5658 -19
5659 -21
5660 -19
5661 -17
5662 -23
5663 -21
5664 -13
5665 -19
5666 -15
5667 -13
5668 -11
5669 -3
5670 -5
5671 -5
5672 -1
5673 -1
5674 3
5675 5
5676 9
5677 13
5678 15
5679 21
5680 25
5681 29
5682 27
5683 29
5684 31
5685 23
5686 23
5687 13
5688 7
5689 -7
5690 -15
5691 -19
5692 -25
5693 -27
5694 -27
5695 -27
5696 -27
5697 -29
5698 -29
5699 -27
5700 -25
5701 -29
5702 -23
5703 -19
5704 -21
5705 -21
5706 -23
5707 -23
5708 -21
5709 -21
5710 -23
5711 -23
5712 -21
5713 -23
5714 -25
5715 -23
5716 -25
5717 -25
5718 -23
5719 -27
5720 -23
5721 -23
5722 -27
5723 -29
5724 -27
5725 -25
5726 -25
5727 -25
5728 -25
5729 -25
5730 -27
5731 -29
5732 -25
5733 -27
5734 -27
5735 -23
5736 -23
5737 -25
5738 -25
5739 -27
5740 -25
5741 -23
5742 -25
5743 -23
5744 -23
5745 -25
5746 -25
5747 -27
5748 -27
5749 -25
5750 -25
5751 -23
5752 -23
5753 -21
5754 -17
5755 -11
5756 -9
5757 -5
5758 5
5759 5
5760 3
5761 -1
5762 -7
5763 -19
5764 -23
5765 -25
5766 -25
5767 -23
5768 -21
5769 -17
5770 -7
5771 63
5772 141
5773 205
5774 73
5775 -59
5776 -77
5777 -47
5778 -29
5779 -27
5780 -27
5781 -27
5782 -25
5783 -25
5784 -29
5785 -27
5786 -29
5787 -27
5788 -25
5789 -25
5790 -23
5791 -21
5792 -15
5793 -15
5794 -15
5795 -15
5796 -9
5797 -5
5798 -5
5799 1
5800 3
5801 5
5802 9
5803 7
5804 13
5805 23
5806 23
5807 21
5808 25
5809 27
5810 17
5811 11
5812 11
5813 3
5814 -7
5815 -13
5816 -25
5817 -29
5818 -35
5819 -33
5820 -33
5821 -31
5822 -33
5823 -33
5824 -29
5825 -29
5826 -27
5827 -29
5828 -27
5829 -25
5830 -27
5831 -23
5832 -23
5833 -21
5834 -23
5835 -23
5836 -21
5837 -23
5838 -23
5839 -19
5840 -25
5841 -23
5842 -25
5843 -25
5844 -25
5845 -23
5846 -27
5847 -25
5848 -25
5849 -27
5850 -29
5851 -29
5852 -25
5853 -27
5854 -27
5855 -25
5856 -23
5857 -23
5858 -25
5859 -27
5860 -29
5861 -27
5862 -23
5863 -25
5864 -27
5865 -25
5866 -27
5867 -27
5868 -23
5869 -23
5870 -23
5871 -23
5872 -21
5873 -19
5874 -21
5875 -15
5876 -9
5877 -5
5878 -5
5879 3
5880 7
5881 5
5882 3
5883 -3
5884 -7
5885 -15
5886 -19
5887 -13
5888 -13
5889 -11
5890 -7
5891 5
5892 55
5893 135
5894 177
5895 69
5896 -31
5897 -47
5898 -31
5899 -21
5900 -19
5901 -17
5902 -15
5903 -17
5904 -17
5905 -17
5906 -17
5907 -19
5908 -17
5909 -17
5910 -17
5911 -13
5912 -9
5913 -11
5914 -13
5915 -9
5916 -7
5917 -3
5918 -1
5919 3
5920 3
5921 5
5922 9
5923 11
5924 19
5925 19
5926 21
5927 29
5928 31
5929 29
5930 29
5931 29
5932 23
5933 17
5934 9
5935 3
5936 -11
5937 -21
5938 -27
5939 -33
5940 -37
5941 -35
5942 -41
5943 -35
5944 -35
5945 -41
5946 -35
5947 -35
5948 -31
5949 -35
5950 -37
5951 -37
5952 -33
5953 -35
5954 -37
5955 -39
5956 -31
5957 -33
5958 -35
5959 -33
5960 -35
5961 -39
5962 -37
5963 -37
5964 -37
5965 -35
5966 -35
5967 -31
5968 -31
5969 -35
5970 -33
5971 -37
5972 -33
5973 -33
5974 -35
5975 -33
5976 -31
5977 -29
5978 -33
5979 -33
5980 -29
5981 -27
5982 -37
5983 -29
5984 -29
5985 -29
5986 -31
5987 -31
5988 -33
5989 -31
5990 -27
5991 -27
5992 -31
5993 -33
5994 -27
5995 -31
5996 -25
5997 -35
5998 -31
5999 -15
6000 -15
6001 -15
6002 3
6003 1
6004 -1
6005 -5
6006 -17
6007 -25
6008 -27
6009 -37
6010 -35
6011 -33
6012 -25
6013 -27
6014 -21
6015 37
6016 157
6017 245
6018 63
6019 -95
6020 -93
6021 -53
6022 -29
6023 -29
6024 -29
6025 -27
6026 -31
6027 -31
6028 -27
6029 -25
6030 -25
6031 -23
6032 -23
6033 -23
6034 -19
6035 -21
6036 -17
6037 -15
6038 -13
6039 -9
6040 -7
6041 -5
6042 -5
6043 -1
6044 3
6045 5
6046 11
6047 19
6048 21
6049 21
6050 27
6051 27
6052 31
6053 31
6054 31
6055 33
6056 21
6057 13
6058 1
6059 -13
6060 -21
6061 -27
6062 -31
6063 -31
6064 -29
6065 -33
6066 -35
6067 -35
6068 -31
6069 -35
6070 -31
6071 -29
6072 -27
6073 -29
6074 -23
6075 -25
6076 -25
6077 -27
6078 -25
6079 -27
6080 -31
6081 -25
6082 -23
6083 -27
6084 -25
6085 -27
6086 -29
6087 -27
6088 -25
6089 -29
6090 -25
6091 -29
6092 -31
6093 -29
6094 -29
6095 -29
6096 -31
6097 -27
6098 -29
6099 -27
6100 -31
6101 -29
6102 -27
6103 -29
6104 -33
6105 -25
6106 -31
6107 -29
6108 -29
6109 -27
6110 -27
6111 -27
6112 -29
6113 -25
6114 -29
6115 -25
6116 -25
6117 -27
6118 -33
6119 -25
6120 -17
6121 -13
6122 -9
6123 -11
6124 1
6125 5
6126 5
6127 5
6128 -7
6129 -25
6130 -31
6131 -31
6132 -27
6133 -27
6134 -19
6135 -27
6136 -17
6137 45
6138 167
6139 237
6140 47
6141 -87
6142 -87
6143 -45
6144 -23
6145 -29
6146 -29
6147 -21
6148 -21
6149 -21
6150 -23
6151 -19
6152 -19
6153 -19
6154 -17
6155 -19
6156 -15
6157 -11
6158 -9
6159 -9
6160 -5
6161 -1
6162 -1
6163 -1
6164 5
6165 9
6166 13
6167 17
6168 23
6169 25
6170 29
6171 33
6172 35
6173 41
6174 41
6175 47
6176 47
6177 39
6178 31
6179 15
6180 15
6181 5
6182 -5
6183 -15
6184 -19
6185 -25
6186 -25
6187 -33
6188 -25
6189 -27
6190 -27
6191 -25
6192 -25
6193 -23
6194 -23
6195 -19
6196 -21
6197 -19
6198 -21
6199 -23
6200 -17
6201 -17
6202 -21
6203 -21
6204 -25
6205 -23
6206 -25
6207 -23
6208 -21
6209 -29
6210 -25
6211 -25
6212 -29
6213 -25
6214 -23
6215 -27
6216 -25
6217 -25
6218 -23
6219 -27
6220 -25
6221 -21
6222 -25
6223 -23
6224 -17
6225 -21
6226 -23
6227 -21
6228 -21
6229 -23
6230 -21
6231 -17
6232 -15
6233 -19
6234 -19
6235 -19
6236 -19
6237 -17
6238 -19
6239 -19
6240 -15
6241 -17
6242 -15
6243 -7
6244 -3
6245 -3
6246 11
6247 19
6248 17
6249 11
6250 5
6251 -13
6252 -21
6253 -25
6254 -23
6255 -21
6256 -11
6257 -13
6258 -11
6259 63
6260 189
6261 275
6262 77
6263 -87
6264 -87
6265 -33
6266 -17
6267 -21
6268 -17
6269 -17
6270 -17
6271 -25
6272 -17
6273 -13
6274 -17
6275 -17
6276 -13
6277 -11
6278 -9
6279 -7
6280 -3
6281 -5
6282 -3
6283 -1
6284 1
6285 5
6286 7
6287 19
6288 21
6289 23
6290 25
6291 31
6292 31
6293 45
6294 47
6295 53
6296 45
6297 53
6298 53
6299 45
6300 35
6301 27
6302 15
6303 -1
6304 -7
6305 -17
6306 -25
6307 -27
6308 -21
6309 -25
6310 -35
6311 -27
6312 -27
6313 -25
6314 -21
6315 -27
6316 -23
6317 -19
6318 -29
6319 -17
6320 -21
6321 -21
6322 -23
6323 -23
6324 -19
6325 -21
6326 -27
6327 -25
6328 -25
6329 -29
6330 -27
6331 -25
6332 -27
6333 -29
6334 -33
6335 -25
6336 -25
6337 -31
6338 -29
6339 -29
6340 -29
6341 -29
6342 -31
6343 -31
6344 -31
6345 -29
6346 -33
6347 -31
6348 -31
6349 -31
6350 -33
6351 -35
6352 -33
6353 -31
6354 -35
6355 -35
6356 -31
6357 -35
6358 -31
6359 -31
6360 -35
6361 -31
6362 -31
6363 -33
6364 -33
6365 -31
6366 -33
6367 -27
6368 -21
6369 -15
6370 -13
6371 -5
6372 5
6373 1
6374 -1
6375 -5
6376 -21
6377 -29
6378 -33
6379 -35
6380 -33
6381 -29
6382 -27
6383 -21
6384 7
6385 135
6386 265
6387 111
6388 -87
6389 -113
6390 -69
6391 -27
6392 -27
6393 -31
6394 -31
6395 -33
6396 -27
6397 -31
6398 -31
6399 -25
6400 -23
6401 -25
6402 -23
6403 -21
6404 -19
6405 -15
6406 -15
6407 -11
6408 -11
6409 -7
6410 -3
6411 -1
6412 9
6413 9
6414 11
6415 15
6416 27
6417 27
6418 31
6419 35
6420 39
6421 43
6422 41
6423 47
6424 41
6425 31
6426 19
6427 11
6428 1
6429 -11
6430 -23
6431 -25
6432 -23
6433 -29
6434 -31
6435 -31
6436 -29
6437 -29
6438 -37
6439 -29
6440 -23
6441 -29
6442 -23
6443 -25
6444 -27
6445 -23
6446 -29
6447 -23
6448 -23
6449 -25
6450 -25
6451 -27
6452 -25
6453 -31
6454 -31
6455 -25
6456 -27
6457 -31
6458 -31
6459 -31
6460 -27
6461 -29
6462 -33
6463 -27
6464 -29
6465 -27
6466 -31
6467 -29
6468 -29
6469 -31
6470 -29
6471 -27
6472 -27
6473 -31
6474 -31
6475 -29
6476 -27
6477 -29
6478 -27
6479 -27
6480 -27
6481 -33
6482 -29
6483 -27
6484 -25
6485 -29
6486 -25
6487 -25
6488 -25
6489 -25
6490 -27
6491 -29
6492 -17
6493 -9
6494 -9
6495 -3
6496 9
6497 13
6498 7
6499 5
6500 -3
6501 -15
6502 -25
6503 -29
6504 -27
6505 -25
6506 -21
6507 -23
6508 -17
6509 49
6510 193
6511 303
6512 75
6513 -107
6514 -97
6515 -47
6516 -21
6517 -21
6518 -23
6519 -25
6520 -21
6521 -25
6522 -19
6523 -23
6524 -15
6525 -17
6526 -17
6527 -13
6528 -13
6529 -11
6530 -9
6531 -7
6532 -5
6533 -1
6534 5
6535 11
6536 9
6537 13
6538 15
6539 21
6540 27
6541 31
6542 37
6543 45
6544 51
6545 45
6546 51
6547 51
6548 51
6549 43
6550 33
6551 23
6552 7
6553 -3
6554 -15
6555 -25
6556 -25
6557 -25
6558 -29
6559 -31
6560 -29
6561 -29
6562 -25
6563 -25
6564 -27
6565 -27
6566 -23
6567 -25
6568 -21
6569 -25
6570 -19
6571 -23
6572 -21
6573 -21
6574 -23
6575 -21
6576 -23
6577 -23
6578 -25
6579 -25
6580 -27
6581 -23
6582 -25
6583 -25
6584 -23
6585 -27
6586 -27
6587 -25
6588 -29
6589 -27
6590 -27
6591 -25
6592 -27
6593 -23
6594 -23
6595 -25
6596 -27
6597 -25
6598 -29
6599 -23
6600 -21
6601 -23
6602 -25
6603 -25
6604 -23
6605 -21
6606 -23
6607 -21
6608 -23
6609 -21
6610 -21
6611 -23
6612 -17
6613 -23
6614 -23
6615 -17
6616 -17
6617 -17
6618 -19
6619 -11
6620 -1
6621 1
6622 7
6623 23
6624 17
6625 15
6626 9
6627 -9
6628 -13
6629 -21
6630 -19
6631 -17
6632 -17
6633 -11
6634 -7
6635 17
6636 145
6637 279
6638 151
6639 -67
6640 -95
6641 -47
6642 -19
6643 -17
6644 -17
6645 -17
6646 -19
6647 -13
6648 -15
6649 -15
6650 -13
6651 -13
6652 -11
6653 -15
6654 -9
6655 -5
6656 -5
6657 -1
6658 -1
6659 1
6660 3
6661 9
6662 11
6663 19
6664 17
6665 21
6666 25
6667 27
6668 37
6669 39
6670 45
6671 47
6672 49
6673 53
6674 47
6675 43
6676 35
6677 31
6678 15
6679 9
6680 -3
6681 -11
6682 -19
6683 -23
6684 -21
6685 -25
6686 -27
6687 -25
6688 -19
6689 -27
6690 -23
6691 -21
6692 -19
6693 -21
6694 -19
6695 -19
6696 -17
6697 -17
6698 -19
6699 -19
6700 -15
6701 -19
6702 -19
6703 -25
6704 -23
6705 -17
6706 -17
6707 -21
6708 -15
6709 -25
6710 -25
6711 -23
6712 -25
6713 -23
6714 -19
6715 -23
6716 -19
6717 -23
6718 -21
6719 -17
6720 -27
6721 -13
6722 -19
6723 -25
6724 -15
6725 -17
6726 -17
6727 -11
6728 -19
6729 -17
6730 -13
6731 -17
6732 -9
6733 -19
6734 -17
6735 -5
6736 -9
6737 -13
6738 -3
6739 -19
6740 -15
6741 -11
6742 -3
6743 -1
6744 5
6745 7
6746 21
6747 33
6748 27
6749 23
6750 9
6751 5
6752 -7
6753 -15
6754 -11
6755 -13
6756 -15
6757 -11
6758 1
6759 27
6760 161
6761 293
6762 135
6763 -75
6764 -95
6765 -49
6766 -15
6767 -21
6768 -9
6769 -15
6770 -21
6771 -21
6772 -11
6773 -17
6774 -17
6775 -15
6776 -13
6777 -9
6778 -3
6779 -15
6780 -5
6781 -1
6782 1
6783 3
6784 9
6785 9
6786 11
6787 11
6788 21
6789 27
6790 23
6791 29
6792 39
6793 39
6794 49
6795 49
6796 51
6797 57
6798 49
6799 45
6800 41
6801 23
6802 17
6803 1
6804 -1
6805 -13
6806 -25
6807 -23
6808 -21
6809 -27
6810 -25
6811 -27
6812 -23
6813 -21
6814 -19
6815 -21
6816 -21
6817 -17
6818 -21
6819 -19
6820 -13
6821 -15
6822 -21
6823 -19
6824 -19
6825 -15
6826 -17
6827 -23
6828 -21
6829 -19
6830 -21
6831 -15
6832 -23
6833 -21
6834 -17
6835 -23
6836 -19
6837 -21
6838 -23
6839 -21
6840 -19
6841 -21
6842 -17
6843 -21
6844 -21
6845 -21
6846 -27
6847 -21
6848 -23
6849 -25
6850 -21
6851 -25
6852 -17
6853 -27
6854 -29
6855 -21
6856 -25
6857 -29
6858 -25
6859 -31
6860 -23
6861 -23
6862 -29
6863 -25
6864 -11
6865 -11
6866 -9
6867 -1
6868 11
6869 3
6870 3
6871 -3
6872 -13
6873 -29
6874 -31
6875 -35
6876 -27
6877 -23
6878 -23
6879 -15
6880 15
6881 163
6882 297
6883 123
6884 -95
6885 -109
6886 -59
6887 -23
6888 -25
6889 -29
6890 -23
6891 -31
6892 -23
6893 -29
6894 -27
6895 -23
6896 -23
6897 -21
6898 -17
6899 -21
6900 -19
6901 -11
6902 -13
6903 -11
6904 -13
6905 1
6906 5
6907 1
6908 7
6909 11
6910 11
6911 21
6912 27
6913 27
6914 35
6915 39
6916 37
6917 39
6918 43
6919 43
6920 37
6921 27
6922 15
6923 1
6924 -9
6925 -17
6926 -25
6927 -35
6928 -31
6929 -37
6930 -37
6931 -37
6932 -41
6933 -31
6934 -35
6935 -31
6936 -35
6937 -35
6938 -29
6939 -33
6940 -31
6941 -31
6942 -35
6943 -29
6944 -29
6945 -29
6946 -35
6947 -35
6948 -35
6949 -33
6950 -39
6951 -31
6952 -31
6953 -31
6954 -33
6955 -37
6956 -37
6957 -35
6958 -37
6959 -27
6960 -35
6961 -35
6962 -35
6963 -35
6964 -37
6965 -31
6966 -37
6967 -35
6968 -35
6969 -31
6970 -29
6971 -33
6972 -37
6973 -33
6974 -33
6975 -31
6976 -29
6977 -33
6978 -31
6979 -33
6980 -33
6981 -31
6982 -33
6983 -31
6984 -23
6985 -17
6986 -11
6987 -11
6988 3
6989 7
6990 3
6991 1
6992 -15
6993 -23
6994 -29
6995 -31
6996 -27
6997 -29
6998 -23
6999 -21
7000 -21
7001 63
7002 199
7003 261
7004 47
7005 -103
7006 -97
7007 -39
7008 -19
7009 -21
7010 -27
7011 -27
7012 -25
7013 -25
7014 -25
7015 -23
7016 -23
7017 -21
7018 -23
7019 -21
7020 -13
7021 -19
7022 -15
7023 -13
7024 -9
7025 -7
7026 -3
7027 -3
7028 7
7029 7
7030 11
7031 15
7032 21
7033 21
7034 27
7035 29
7036 35
7037 43
7038 43
7039 43
7040 41
7041 37
7042 25
7043 17
7044 3
7045 -11
7046 -19
7047 -21
7048 -29
7049 -33
7050 -35
7051 -39
7052 -33
7053 -37
7054 -37
7055 -29
7056 -31
7057 -33
7058 -29
7059 -33
7060 -29
7061 -29
7062 -31
7063 -33
7064 -27
7065 -29
7066 -29
7067 -35
7068 -31
7069 -33
7070 -35
7071 -31
7072 -31
7073 -33
7074 -35
7075 -37
7076 -35
7077 -31
7078 -33
7079 -31
7080 -33
7081 -31
7082 -35
7083 -35
7084 -29
7085 -33
7086 -37
7087 -27
7088 -31
7089 -33
7090 -35
7091 -33
7092 -27
7093 -37
7094 -33
7095 -23
7096 -31
7097 -33
7098 -29
7099 -33
7100 -31
7101 -27
7102 -31
7103 -25
7104 -29
7105 -25
7106 -13
7107 -13
7108 -7
7109 5
7110 7
7111 9
7112 13
7113 -1
7114 -13
7115 -27
7116 -27
7117 -27
7118 -33
7119 -19
7120 -17
7121 -9
7122 47
7123 193
7124 301
7125 59
7126 -109
7127 -89
7128 -29
7129 -25
7130 -31
7131 -25
7132 -19
7133 -27
7134 -13
7135 -17
7136 -15
7137 -19
7138 -15
7139 -15
7140 -23
7141 -11
7142 -5
7143 -7
7144 -5
7145 7
7146 3
7147 3
7148 11
7149 11
7150 15
7151 21
7152 25
7153 27
7154 27
7155 37
7156 43
7157 47
7158 51
7159 49
7160 47
7161 45
7162 43
7163 31
7164 21
7165 9
7166 1
7167 -19
7168 -15
7169 -21
7170 -19
7171 -43
7172 -27
7173 -27
7174 -27
7175 -29
7176 -27
7177 -27
7178 -31
7179 -23
7180 -25
7181 -27
7182 -27
7183 -21
7184 -31
7185 -19
7186 -29
7187 -33
7188 -29
7189 -27
7190 -33
7191 -29
7192 -31
7193 -27
7194 -37
7195 -31
7196 -41
7197 -29
7198 -25
7199 -27
7200 -31
7201 -27
7202 -29
7203 -31
7204 -33
7205 -27
7206 -45
7207 -25
7208 -25
7209 -27
7210 -27
7211 -35
7212 -29
7213 -31
7214 -27
7215 -27
7216 -23
7217 -27
7218 -29
7219 -29
7220 -27
7221 -21
7222 -33
7223 -21
7224 -19
7225 -17
7226 -13
7227 -13
7228 -7
7229 15
7230 21
7231 7
7232 11
7233 -7
7234 -15
7235 -23
7236 -27
7237 -29
7238 -23
7239 -19
7240 -13
7241 -15
7242 59
7243 197
7244 259
7245 13
7246 -105
7247 -83
7248 -33
7249 -21
7250 -17
7251 -21
7252 -25
7253 -27
7254 -13
7255 -31
7256 -29
7257 -15
7258 -15
7259 -15
7260 -21
7261 -13
7262 -21
7263 -11
7264 -11
7265 1
7266 -1
7267 -1
7268 3
7269 1
7270 13
7271 19
7272 15
7273 25
7274 31
7275 33
7276 33
7277 39
7278 41
7279 51
7280 41
7281 43
7282 43
7283 27
7284 21
7285 15
7286 3
7287 -7
7288 -17
7289 -23
7290 -21
7291 -35
7292 -29
7293 -29
7294 -29
7295 -25
7296 -25
7297 -31
7298 -25
7299 -29
7300 -27
7301 -25
7302 -27
7303 -27
7304 -29
7305 -27
7306 -29
7307 -29
7308 -31
7309 -29
7310 -33
7311 -29
7312 -29
7313 -29
7314 -31
7315 -35
7316 -33
7317 -33
7318 -37
7319 -33
7320 -37
7321 -29
7322 -37
7323 -35
7324 -37
7325 -35
7326 -35
7327 -31
7328 -37
7329 -41
7330 -35
7331 -37
7332 -31
7333 -37
7334 -37
7335 -31
7336 -33
7337 -39
7338 -35
7339 -37
7340 -31
7341 -31
7342 -33
7343 -21
7344 -21
7345 -13
7346 -13
7347 5
7348 1
7349 -1
7350 -3
7351 -21
7352 -33
7353 -35
7354 -33
7355 -37
7356 -31
7357 -27
7358 -27
7359 -11
7360 97
7361 253
7362 171
7363 -59
7364 -119
7365 -83
7366 -41
7367 -29
7368 -27
7369 -31
7370 -29
7371 -31
7372 -29
7373 -25
7374 -29
7375 -23
7376 -21
7377 -23
7378 -19
7379 -25
7380 -17
7381 -19
7382 -13
7383 -5
7384 -7
7385 -3
7386 1
7387 -3
7388 3
7389 13
7390 15
7391 17
7392 27
7393 27
7394 35
7395 39
7396 37
7397 41
7398 41
7399 41
7400 29
7401 23
7402 11
7403 -7
7404 -13
7405 -23
7406 -25
7407 -31
7408 -33
7409 -37
7410 -35
7411 -39
7412 -33
7413 -39
7414 -31
7415 -27
7416 -27
7417 -33
7418 -35
7419 -31
7420 -27
7421 -27
7422 -27
7423 -27
7424 -29
7425 -31
7426 -31
7427 -37
7428 -33
7429 -27
7430 -31
7431 -27
7432 -35
7433 -31
7434 -33
7435 -37
7436 -29
7437 -31
7438 -29
7439 -25
7440 -27
7441 -31
7442 -25
7443 -31
7444 -25
7445 -27
7446 -27
7447 -21
7448 -25
7449 -23
7450 -23
7451 -29
7452 -23
7453 -25
7454 -27
7455 -23
7456 -23
7457 -21
7458 -21
7459 -19
7460 -7
7461 -7
7462 3
7463 11
7464 13
7465 13
7466 7
7467 -5
7468 -17
7469 -23
7470 -21
7471 -17
7472 -23
7473 -27
7474 -15
7475 -13
7476 67
7477 217
7478 303
7479 43
7480 -115
7481 -103
7482 -39
7483 -21
7484 -19
7485 -19
7486 -21
7487 -17
7488 -21
7489 -21
7490 -23
7491 -17
7492 -17
7493 -13
7494 -11
7495 -7
7496 -13
7497 -9
7498 -3
7499 -3
7500 1
7501 9
7502 9
7503 13
7504 17
7505 21
7506 23
7507 27
7508 35
7509 43
7510 45
7511 53
7512 57
7513 53
7514 59
7515 53
7516 51
7517 41
7518 25
7519 13
7520 3
7521 -9
7522 -11
7523 -21
7524 -21
7525 -27
7526 -25
7527 -27
7528 -25
7529 -21
7530 -23
7531 -21
7532 -17
7533 -23
7534 -19
7535 -13
7536 -13
7537 -9
7538 -13
7539 -13
7540 -7
7541 -13
7542 -11
7543 -11
7544 -9
7545 -13
7546 -15
7547 -15
7548 -11
7549 -9
7550 -15
7551 -9
7552 -11
7553 -13
7554 -11
7555 -13
7556 -11
7557 -9
7558 -11
7559 -9
7560 -9
7561 -9
7562 -7
7563 -9
7564 -7
7565 -5
7566 -5
7567 -3
7568 -7
7569 -5
7570 -5
7571 -5
7572 -5
7573 -1
7574 -5
7575 -3
7576 5
7577 5
7578 9
7579 15
7580 23
7581 21
7582 19
7583 11
7584 1
7585 -5
7586 -11
7587 -17
7588 -13
7589 -13
7590 -9
7591 -3
7592 -5
7593 79
7594 193
7595 155
7596 -27
7597 -97
7598 -75
7599 -35
7600 -21
7601 -21
7602 -23
7603 -29
7604 -23
7605 -21
7606 -29
7607 -25
7608 -17
7609 -19
7610 -21
7611 -21
7612 -15
7613 -15
7614 -13
7615 -9
7616 -9
7617 -7
7618 -5
7619 -1
7620 3
7621 9
7622 9
7623 19
7624 19
7625 25
7626 31
7627 33
7628 37
7629 41
7630 41
7631 43
7632 41
7633 33
7634 25
7635 9
7636 1
7637 -7
7638 -19
7639 -21
7640 -21
7641 -31
7642 -31
7643 -37
7644 -27
7645 -29
7646 -25
7647 -25
7648 -27
7649 -23
7650 -21
7651 -23
7652 -23
7653 -23
7654 -27
7655 -21
7656 -19
7657 -23
7658 -27
7659 -29
7660 -31
7661 -29
7662 -29
7663 -25
7664 -31
7665 -31
7666 -31
7667 -29
7668 -29
7669 -29
7670 -33
7671 -37
7672 -29
7673 -29
7674 -29
7675 -35
7676 -27
7677 -35
7678 -31
7679 -27
7680 -29
7681 -27
7682 -31
7683 -35
7684 -35
7685 -31
7686 -27
7687 -29
7688 -27
7689 -23
7690 -23
7691 -17
7692 -9
7693 -7
7694 -3
7695 9
7696 9
7697 1
7698 3
7699 -11
7700 -19
7701 -25
7702 -27
7703 -25
7704 -21
7705 -19
7706 -17
7707 -9
7708 83
7709 213
7710 199
7711 -39
7712 -121
7713 -89
7714 -39
7715 -19
7716 -21
7717 -19
7718 -15
7719 -19
7720 -15
7721 -19
7722 -15
7723 -13
7724 -17
7725 -11
7726 -7
7727 -7
7728 -15
7729 3
7730 -3
7731 -9
7732 -3
7733 3
7734 11
7735 13
7736 15
7737 11
7738 25
7739 31
7740 35
7741 37
7742 37
7743 47
7744 45
7745 49
7746 53
7747 47
7748 35
7749 27
7750 21
7751 3
7752 -15
7753 -9
7754 -17
7755 -21
7756 -23
7757 -21
7758 -17
7759 -33
7760 -41
7761 -21
7762 -21
7763 -21
7764 -23
7765 -17
7766 -21
7767 -15
7768 -15
7769 -19
7770 -19
7771 -5
7772 -17
7773 -27
7774 -13
7775 -19
7776 -11
7777 -27
7778 -31
7779 -15
7780 -15
7781 -27
7782 -15
7783 -25
7784 -27
7785 -27
7786 -17
7787 -15
7788 -35
7789 -15
7790 -17
7791 -23
7792 -7
7793 -15
7794 -21
7795 -25
7796 -21
7797 -15
7798 -15
7799 -17
7800 -23
7801 -15
7802 -15
7803 17
7804 -37
7805 -31
7806 -13
7807 -7
7808 -3
7809 25
7810 23
7811 -17
7812 15
7813 15
7814 9
7815 9
7816 -1
7817 -3
7818 -5
7819 1
7820 -35
7821 -19
7822 -5
7823 9
7824 29
7825 137
7826 273
7827 121
7828 -93
7829 -107
7830 -55
7831 -7
7832 -9
7833 -11
7834 -15
7835 -11
7836 -17
7837 -13
7838 -5
7839 -13
7840 -11
7841 -1
7842 -5
7843 -3
7844 1
7845 3
7846 5
7847 11
7848 13
7849 17
7850 19
7851 57
7852 33
7853 19
7854 21
7855 33
7856 41
7857 51
7858 53
7859 59
7860 63
7861 73
7862 61
7863 57
7864 49
7865 47
7866 35
7867 19
7868 5
7869 -5
7870 -7
7871 -15
7872 -19
7873 -19
7874 -25
7875 -19
7876 -25
7877 -23
7878 -19
7879 -25
7880 -19
7881 -19
7882 -19
7883 -15
7884 -17
7885 -17
7886 -9
7887 -15
7888 -15
7889 -15
7890 -13
7891 -11
7892 -15
7893 -21
7894 -17
7895 -19
7896 -15
7897 -21
7898 -21
7899 -23
7900 -15
7901 -15
7902 -17
7903 -17
7904 -15
7905 -19
7906 -21
7907 -17
7908 -13
7909 -17
7910 -21
7911 -17
7912 -15
7913 -17
7914 -23
7915 -17
7916 -11
7917 -15
7918 -17
7919 -13
7920 -15
7921 -19
7922 -13
7923 -15
7924 -13
7925 -13
7926 -9
7927 3
7928 -1
7929 3
7930 17
7931 27
7932 21
7933 19
7934 7
7935 -1
7936 -7
7937 -13
7938 -13
7939 -19
7940 -13
7941 -5
7942 -3
7943 29
7944 161
7945 299
7946 127
7947 -85
7948 -97
7949 -45
7950 -9
7951 -7
7952 -13
7953 -3
7954 -7
7955 -9
7956 -7
7957 -7
7958 -5
7959 -5
7960 1
7961 -3
7962 -3
7963 1
7964 5
7965 3
7966 3
7967 11
7968 9
7969 13
7970 17
7971 17
7972 25
7973 29
7974 27
7975 37
7976 39
7977 49
7978 53
7979 55
7980 59
7981 57
7982 55
7983 45
7984 39
7985 25
7986 5
7987 -1
7988 -13
7989 -23
7990 -25
7991 -33
7992 -37
7993 -35
7994 -39
7995 -37
7996 -29
7997 -37
7998 -33
7999 -31
8000 -33
8001 -35
8002 -37
8003 -29
8004 -29
8005 -31
8006 -27
8007 -31
8008 -31
8009 -33
8010 -35
8011 -39
8012 -35
8013 -35
8014 -37
8015 -37
8016 -39
8017 -37
8018 -37
8019 -37
8020 -35
8021 -37
8022 -35
8023 -35
8024 -39
8025 -35
8026 -35
8027 -35
8028 -33
8029 -35
8030 -33
8031 -33
8032 -33
8033 -33
8034 -35
8035 -33
8036 -37
8037 -31
8038 -35
8039 -29
8040 -33
8041 -33
8042 -29
8043 -31
8044 -29
8045 -31
8046 -25
8047 -19
8048 -11
8049 -11
8050 -7
8051 11
8052 13
8053 1
8054 -1
8055 -11
8056 -19
8057 -23
8058 -33
8059 -29
8060 -27
8061 -27
8062 -19
8063 -7
8064 55
8065 187
8066 289
8067 37
8068 -129
8069 -113
8070 -51
8071 -21
8072 -25
8073 -19
8074 -25
8075 -23
8076 -21
8077 -19
8078 -19
8079 -17
8080 -19
8081 -19
8082 -17
8083 -17
8084 -13
8085 -7
8086 -5
8087 -3
8088 -5
8089 -1
8090 5
8091 5
8092 17
8093 15
8094 15
8095 31
8096 35
8097 39
8098 43
8099 49
8100 55
8101 55
8102 55
8103 57
8104 53
8105 41
8106 31
8107 15
8108 1
8109 -7
8110 -13
8111 -15
8112 -19
8113 -31
8114 -29
8115 -29
8116 -27
8117 -29
8118 -31
8119 -29
8120 -19
8121 -27
8122 -21
8123 -21
8124 -15
8125 -17
8126 -21
8127 -17
8128 -17
8129 -17
8130 -17
8131 -21
8132 -23
8133 -25
8134 -23
8135 -19
8136 -23
8137 -17
8138 -19
8139 -19
8140 -23
8141 -21
8142 -21
8143 -19
8144 -13
8145 -19
8146 -31
8147 -17
8148 -17
8149 -17
8150 -17
8151 -13
8152 -17
8153 -19
8154 -19
8155 -19
8156 -11
8157 -15
8158 -13
8159 -17
8160 -9
8161 -17
8162 -17
8163 -11
8164 -7
8165 -13
8166 3
8167 9
8168 9
8169 17
8170 35
8171 25
8172 21
8173 13
8174 5
8175 -7
8176 -7
8177 -15
8178 -11
8179 -9
8180 -5
8181 -3
8182 13
8183 75
8184 213
8185 279
8186 7
8187 -123
8188 -79
8189 -27
8190 -3
8191 -3
8192 -13
8193 -7
8194 -13
8195 -7
8196 -13
8197 -3
8198 -1
8199 -1
8200 -5
8201 -5
8202 1
8203 3
8204 -1
8205 5
8206 7
8207 11
8208 15
8209 23
8210 21
8211 19
8212 27
8213 33
8214 35
8215 37
8216 45
8217 55
8218 51
8219 55
8220 59
8221 63
8222 53
8223 51
8224 45
8225 29
8226 15
8227 -1
8228 -3
8229 -9
8230 -21
8231 -7
8232 -11
8233 -13
8234 -13
8235 -17
8236 -15
8237 -11
8238 -9
8239 -7
8240 -3
8241 -9
8242 -1
8243 -9
8244 -5
8245 -3
8246 -9
8247 1
8248 -9
8249 -7
8250 -9
8251 -11
8252 -9
8253 -11
8254 -9
8255 -11
8256 -15
8257 -11
8258 -9
8259 -17
8260 -11
8261 -13
8262 -19
8263 -15
8264 -13
8265 -17
8266 -19
8267 -13
8268 -19
8269 -17
8270 -25
8271 -17
8272 -21
8273 -19
8274 -15
8275 -21
8276 -17
8277 -23
8278 -23
8279 -17
8280 -25
8281 -21
8282 -17
8283 -15
8284 -5
8285 1
8286 1
8287 9
8288 25
8289 17
8290 9
8291 11
8292 1
8293 -17
8294 -19
8295 -15
8296 -15
8297 -15
8298 -15
8299 -1
8300 3
8301 107
8302 255
8303 207
8304 -41
8305 -123
8306 -81
8307 -19
8308 -9
8309 -5
8310 -3
8311 -15
8312 -5
8313 -11
8314 -15
8315 1
8316 -3
8317 -9
8318 -3
8319 3
8320 -3
8321 1
8322 5
8323 3
8324 11
8325 1
8326 29
8327 19
8328 17
8329 33
8330 25
8331 25
8332 51
8333 29
8334 57
8335 71
8336 67
8337 65
8338 57
8339 51
8340 65
8341 53
8342 51
8343 31
8344 27
8345 9
8346 -7
8347 -1
8348 -7
8349 -5
8350 -15
8351 -13
8352 -23
8353 -13
8354 -13
8355 -11
8356 -15
8357 -11
8358 -13
8359 -9
8360 -11
8361 -11
8362 -9
8363 -17
8364 -1
8365 3
8366 -11
8367 -21
8368 -17
8369 -5
8370 -27
8371 -23
8372 -19
8373 -17
8374 -19
8375 -13
8376 -17
8377 -21
8378 -19
8379 -23
8380 -19
8381 -23
8382 -23
8383 -21
8384 -23
8385 -25
8386 -27
8387 -31
8388 -21
8389 -17
8390 -19
8391 -21
8392 -27
8393 -21
8394 -19
8395 -23
8396 -23
8397 -21
8398 -31
8399 -25
8400 -17
8401 -5
8402 -3
8403 -3
8404 5
8405 15
8406 7
8407 15
8408 -1
8409 -11
8410 -17
8411 -23
8412 -29
8413 -23
8414 -23
8415 -17
8416 -19
8417 1
8418 131
8419 269
8420 177
8421 -57
8422 -121
8423 -87
8424 -33
8425 -17
8426 -25
8427 -25
8428 -27
8429 -27
8430 -27
8431 -25
8432 -21
8433 -23
8434 -21
8435 -21
8436 -21
8437 -19
8438 -15
8439 -15
8440 -13
8441 -9
8442 -7
8443 -5
8444 -3
8445 -3
8446 11
8447 11
8448 17
8449 21
8450 23
8451 19
8452 35
8453 43
8454 43
8455 41
8456 45
8457 41
8458 33
8459 23
8460 15
8461 -1
8462 -15
8463 -17
8464 -25
8465 -29
8466 -31
8467 -39
8468 -33
8469 -33
8470 -41
8471 -33
8472 -27
8473 -33
8474 -33
8475 -31
8476 -27
8477 -29
8478 -31
8479 -29
8480 -25
8481 -25
8482 -29
8483 -29
8484 -31
8485 -33
8486 -31
8487 -29
8488 -31
8489 -37
8490 -33
8491 -33
8492 -33
8493 -37
8494 -39
8495 -35
8496 -35
8497 -35
8498 -35
8499 -37
8500 -35
8501 -35
8502 -37
8503 -33
8504 -31
8505 -33
8506 -35
8507 -35
8508 -31
8509 -31
8510 -37
8511 -31
8512 -31
8513 -27
8514 -31
8515 -31
8516 -27
8517 -23
8518 -19
8519 -9
8520 -3
8521 5
8522 9
8523 5
8524 7
8525 3
8526 -15
8527 -27
8528 -31
8529 -31
8530 -29
8531 -29
8532 -23
8533 -11
8534 49
8535 171
8536 251
8537 27
8538 -127
8539 -113
8540 -49
8541 -27
8542 -31
8543 -31
8544 -27
8545 -29
8546 -31
8547 -29
8548 -27
8549 -27
8550 -25
8551 -25
8552 -23
8553 -23
8554 -21
8555 -19
8556 -15
8557 -11
8558 -9
8559 -5
8560 -1
8561 -3
8562 7
8563 7
8564 17
8565 21
8566 23
8567 29
8568 37
8569 37
8570 37
8571 41
8572 45
8573 39
8574 41
8575 25
8576 13
8577 1
8578 -11
8579 -21
8580 -25
8581 -27
8582 -33
8583 -31
8584 -35
8585 -35
8586 -37
8587 -33
8588 -29
8589 -27
8590 -29
8591 -27
8592 -29
8593 -25
8594 -35
8595 -31
8596 -23
8597 -29
8598 -27
8599 -27
8600 -35
8601 -47
8602 -37
8603 -25
8604 -37
8605 -29
8606 -29
8607 -27
8608 -31
8609 -27
8610 -33
8611 -31
8612 -29
8613 -27
8614 -25
8615 -29
8616 -25
8617 -27
8618 -33
8619 -29
8620 -25
8621 -27
8622 -27
8623 -29
8624 -25
8625 -31
8626 -29
8627 -29
8628 -27
8629 -29
8630 -29
8631 -25
8632 -31
8633 -31
8634 -15
8635 -11
8636 -9
8637 11
8638 13
8639 7
8640 -3
8641 -5
8642 -27
8643 -35
8644 -43
8645 -41
8646 -37
8647 -25
8648 -27
8649 -27
8650 39
8651 169
8652 245
8653 -1
8654 -141
8655 -123
8656 -55
8657 -49
8658 -35
8659 -43
8660 -37
8661 -37
8662 -43
8663 -39
8664 -35
8665 -43
8666 -39
8667 -29
8668 -29
8669 -31
8670 -33
8671 -35
8672 -25
8673 -25
8674 -21
8675 -17
8676 -13
8677 -13
8678 -13
8679 -7
8680 -7
8681 7
8682 11
8683 11
8684 17
8685 17
8686 19
8687 27
8688 25
8689 23
8690 23
8691 9
8692 3
8693 -7
8694 -21
8695 -29
8696 -37
8697 -47
8698 -45
8699 -47
8700 -49
8701 -51
8702 -49
8703 -47
8704 -47
8705 -53
8706 -43
8707 -49
8708 -49
8709 -43
8710 -45
8711 -41
8712 -39
8713 -43
8714 -49
8715 -51
8716 -43
8717 -47
8718 -51
8719 -43
8720 -45
8721 -43
8722 -49
8723 -45
8724 -53
8725 -45
8726 -47
8727 -45
8728 -47
8729 -43
8730 -45
8731 -45
8732 -43
8733 -41
8734 -45
8735 -43
8736 -41
8737 -43
8738 -41
8739 -41
8740 -41
8741 -45
8742 -41
8743 -41
8744 -41
8745 -41
8746 -43
8747 -35
8748 -25
8749 -29
8750 -19
8751 -9
8752 -9
8753 -7
8754 -5
8755 -17
8756 -27
8757 -39
8758 -43
8759 -39
8760 -39
8761 -37
8762 -35
8763 -33
8764 19
8765 123
8766 195
8767 7
8768 -119
8769 -113
8770 -73
8771 -47
8772 -43
8773 -43
8774 -43
8775 -43
8776 -47
8777 -41
8778 -43
8779 -43
8780 -41
8781 -37
8782 -39
8783 -37
8784 -37
8785 -35
8786 -35
8787 -33
8788 -29
8789 -31
8790 -25
8791 -19
8792 -15
8793 -13
8794 -17
8795 -7
8796 1
8797 1
8798 7
8799 11
8800 11
8801 13
8802 9
8803 13
8804 9
8805 1
8806 -9
8807 -23
8808 -29
8809 -43
8810 -45
8811 -47
8812 -51
8813 -55
8814 -53
8815 -51
8816 -49
8817 -51
8818 -49
8819 -57
8820 -47
8821 -45
8822 -45
8823 -45
8824 -45
8825 -47
8826 -47
8827 -49
8828 -39
8829 -49
8830 -45
8831 -47
8832 -43
8833 -43
8834 -43
8835 -43
8836 -47
8837 -47
8838 -51
8839 -35
8840 -39
8841 -43
8842 -47
8843 -41
8844 -35
8845 -31
8846 -31
8847 -27
8848 -35
8849 -27
8850 -27
8851 -31
8852 -17
8853 -25
8854 -33
8855 -21
8856 -3
8857 -5
8858 9
8859 15
8860 19
8861 17
8862 15
8863 19
8864 3
8865 -19
8866 -19
8867 -19
8868 -13
8869 -15
8870 -9
8871 -3
8872 69
8873 191
8874 247
8875 33
8876 -103
8877 -81
8878 -39
8879 -11
8880 -11
8881 -7
8882 -9
8883 -15
8884 -9
8885 -7
8886 -5
8887 -3
8888 -3
8889 -3
8890 1
8891 -3
8892 3
8893 3
8894 5
8895 15
8896 13
8897 17
8898 21
8899 27
8900 27
8901 35
8902 37
8903 41
8904 43
8905 43
8906 49
8907 55
8908 59
8909 57
8910 55
8911 53
8912 45
8913 43
8914 27
8915 17
8916 7
8917 7
8918 -7
8919 -9
8920 -3
8921 -3
8922 -5
8923 -5
8924 -1
8925 -1
8926 1
8927 3
8928 5
8929 3
8930 -5
8931 9
8932 11
8933 11
8934 9
8935 11
8936 9
8937 9
8938 9
8939 9
8940 9
8941 15
8942 11
8943 5
8944 11
8945 9
8946 7
8947 9
8948 7
8949 7
8950 5
8951 11
8952 7
8953 1
8954 3
8955 5
8956 5
8957 -1
8958 1
8959 3
8960 5
8961 3
8962 -1
8963 3
8964 19
8965 11
8966 19
8967 37
8968 37
8969 39
8970 29
8971 21
8972 11
8973 -3
8974 -7
8975 -7
8976 -7
8977 -1
8978 1
8979 11
8980 65
8981 179
8982 279
8983 93
8984 -85
8985 -91
8986 -43
8987 -1
8988 15
8989 13
8990 9
8991 7
8992 17
8993 23
8994 17
8995 11
8996 17
8997 13
8998 13
8999 27
9000 33
9001 37
9002 25
9003 27
9004 31
9005 39
9006 35
9007 45
9008 45
9009 49
9010 53
9011 57
9012 63
9013 65
9014 67
9015 57
9016 73
9017 77
9018 61
9019 61
9020 55
9021 51
9022 45
9023 27
9024 19
9025 15
9026 11
9027 5
9028 3
9029 5
9030 3
9031 3
9032 1
9033 3
9034 1
9035 9
9036 11
9037 11
9038 11
9039 7
9040 7
9041 19
9042 13
9043 13
9044 11
9045 13
9046 13
9047 11
9048 11
9049 9
9050 5
9051 7
9052 11
9053 9
9054 5
9055 7
9056 5
9057 5
9058 9
9059 5
9060 5
9061 5
9062 5
9063 9
9064 9
9065 7
9066 1
9067 7
9068 7
9069 11
9070 11
9071 17
9072 11
9073 5
9074 13
9075 25
9076 23
9077 37
9078 51
9079 49
9080 41
9081 47
9082 37
9083 25
9084 13
9085 7
9086 9
9087 9
9088 15
9089 17
9090 23
9091 99
9092 233
9093 239
9094 -3
9095 -89
9096 -55
9097 -7
9098 9
9099 9
9100 13
9101 9
9102 7
9103 11
9104 3
9105 11
9106 11
9107 15
9108 29
9109 29
9110 7
9111 23
9112 25
9113 41
9114 39
9115 41
9116 47
9117 47
9118 47
9119 53
9120 59
9121 63
9122 63
9123 67
9124 77
9125 77
9126 79
9127 85
9128 81
9129 79
9130 75
9131 73
9132 63
9133 57
9134 43
9135 31
9136 23
9137 17
9138 11
9139 9
9140 9
9141 3
9142 5
9143 5
9144 7
9145 9
9146 7
9147 11
9148 13
9149 13
9150 9
9151 13
9152 13
9153 15
9154 13
9155 13
9156 11
9157 9
9158 7
9159 9
9160 9
9161 5
9162 5
9163 1
9164 3
9165 3
9166 3
9167 5
9168 7
9169 3
9170 7
9171 3
9172 5
9173 5
9174 5
9175 7
9176 9
9177 7
9178 1
9179 3
9180 5
9181 5
9182 9
9183 7
9184 5
9185 3
9186 3
9187 3
9188 9
9189 3
9190 3
9191 9
9192 19
9193 19
9194 21
9195 37
9196 45
9197 43
9198 33
9199 41
9200 25
9201 11
9202 -7
9203 -1
9204 -1
9205 1
9206 9
9207 9
9208 61
9209 179
9210 257
9211 51
9212 -99
9213 -81
9214 -33
9215 -5
9216 -3
9217 -3
9218 -13
9219 -25
9220 -15
9221 13
9222 3
9223 11
9224 5
9225 7
9226 1
9227 17
9228 15
9229 13
9230 13
9231 19
9232 25
9233 23
9234 23
9235 23
9236 31
9237 39
9238 45
9239 47
9240 41
9241 43
9242 51
9243 57
9244 41
9245 57
9246 57
9247 55
9248 51
9249 51
9250 35
9251 25
9252 15
9253 9
9254 9
9255 3
9256 1
9257 1
9258 -1
9259 -5
9260 -1
9261 7
9262 1
9263 5
9264 9
9265 7
9266 7
9267 11
9268 11
9269 9
9270 11
9271 11
9272 9
9273 9
9274 5
9275 5
9276 5
9277 5
9278 3
9279 -1
9280 3
9281 1
9282 1
9283 -1
9284 -3
9285 -3
9286 -3
9287 -5
9288 -9
9289 -7
9290 -13
9291 -13
9292 -15
9293 -17
9294 -15
9295 -17
9296 -9
9297 -19
9298 -29
9299 -27
9300 -29
9301 -29
9302 -29
9303 -31
9304 -33
9305 -31
9306 -37
9307 -35
9308 -43
9309 -35
9310 -35
9311 -31
9312 -31
9313 -25
9314 -27
9315 -17
9316 -11
9317 -9
9318 -13
9319 -23
9320 -39
9321 -49
9322 -55
9323 -57
9324 -53
9325 -51
9326 -47
9327 -29
9328 75
9329 189
9330 53
9331 -119
9332 -141
9333 -105
9334 -63
9335 -61
9336 -63
9337 -63
9338 -71
9339 -69
9340 -61
9341 -71
9342 -71
9343 -67
9344 -55
9345 -67
9346 -77
9347 -65
9348 -59
9349 -59
9350 -57
9351 -59
9352 -53
9353 -53
9354 -59
9355 -45
9356 -37
9357 -41
9358 -33
9359 -29
9360 -27
9361 -21
9362 -23
9363 -15
9364 -11
9365 -9
9366 -13
9367 -17
9368 -27
9369 -39
9370 -47
9371 -65
9372 -73
9373 -75
9374 -77
9375 -87
9376 -89
9377 -89
9378 -95
9379 -93
9380 -95
9381 -93
9382 -87
9383 -89
9384 -91
9385 -91
9386 -95
9387 -93
9388 -93
9389 -87
9390 -95
9391 -89
9392 -93
9393 -95
9394 -101
9395 -99
9396 -97
9397 -103
9398 -101
9399 -101
9400 -99
9401 -103
9402 -111
9403 -103
9404 -103
9405 -105
9406 -99
9407 -107
9408 -109
9409 -103
9410 -109
9411 -111
9412 -107
9413 -105
9414 -97
9415 -107
9416 -101
9417 -101
9418 -103
9419 -105
9420 -103
9421 -101
9422 -99
9423 -107
9424 -103
9425 -103
9426 -107
9427 -103
9428 -99
9429 -107
9430 -101
9431 -99
9432 -101
9433 -83
9434 -91
9435 -77
9436 -61
9437 -65
9438 -63
9439 -57
9440 -65
9441 -87
9442 -103
9443 -101
9444 -105
9445 -105
9446 -101
9447 -91
9448 -91
9449 -31
9450 73
9451 175
9452 -51
9453 -203
9454 -181
9455 -133
9456 -99
9457 -95
9458 -107
9459 -101
9460 -93
9461 -101
9462 -95
9463 -99
9464 -101
9465 -97
9466 -95
9467 -91
9468 -93
9469 -87
9470 -79
9471 -89
9472 -81
9473 -77
9474 -75
9475 -75
9476 -69
9477 -67
9478 -59
9479 -59
9480 -55
9481 -49
9482 -51
9483 -41
9484 -35
9485 -37
9486 -31
9487 -27
9488 -29
9489 -37
9490 -41
9491 -49
9492 -51
9493 -71
9494 -79
9495 -87
9496 -91
9497 -95
9498 -97
9499 -93
9500 -97
9501 -97
9502 -97
9503 -93
9504 -93
9505 -97
9506 -101
9507 -87
9508 -87
9509 -83
9510 -91
9511 -91
9512 -85
9513 -85
9514 -89
9515 -85
9516 -87
9517 -89
9518 -85
9519 -85
9520 -91
9521 -87
9522 -89
9523 -85
9524 -89
9525 -89
9526 -81
9527 -83
9528 -85
9529 -87
9530 -83
9531 -85
9532 -79
9533 -81
9534 -85
9535 -81
9536 -85
9537 -69
9538 -79
9539 -77
9540 -73
9541 -73
9542 -71
9543 -67
9544 -69
9545 -69
9546 -67
9547 -65
9548 -67
9549 -63
9550 -67
9551 -49
9552 -39
9553 -41
9554 -33
9555 -21
9556 -19
9557 -21
9558 -25
9559 -35
9560 -49
9561 -59
9562 -67
9563 -55
9564 -53
9565 -51
9566 -49
9567 -27
9568 85
9569 213
9570 83
9571 -125
9572 -153
9573 -101
9574 -55
9575 -53
9576 -53
9577 -53
9578 -55
9579 -53
9580 -49
9581 -51
9582 -43
9583 -49
9584 -49
9585 -45
9586 -47
9587 -39
9588 -43
9589 -35
9590 -33
9591 -27
9592 -27
9593 -25
9594 -19
9595 -17
9596 -9
9597 -17
9598 -9
9599 5
9600 9
9601 15
9602 13
9603 19
9604 21
9605 17
9606 23
9607 17
9608 13
9609 3
9610 -9
9611 -17
9612 -23
9613 -31
9614 -37
9615 -41
9616 -43
9617 -47
9618 -49
9619 -43
9620 -45
9621 -43
9622 -41
9623 -39
9624 -39
9625 -37
9626 -37
9627 -37
9628 -37
9629 -35
9630 -33
9631 -33
9632 -37
9633 -35
9634 -37
9635 -35
9636 -37
9637 -39
9638 -45
9639 -41
9640 -37
9641 -35
9642 -43
9643 -35
9644 -37
9645 -35
9646 -37
9647 -35
9648 -35
9649 -39
9650 -41
9651 -33
9652 -31
9653 -33
9654 -35
9655 -37
9656 -31
9657 -33
9658 -33
9659 -35
9660 -29
9661 -27
9662 -31
9663 -33
9664 -31
9665 -27
9666 -27
9667 -29
9668 -29
9669 -27
9670 -21
9671 -25
9672 -11
9673 -11
9674 -9
9675 11
9676 9
9677 7
9678 3
9679 -9
9680 -21
9681 -29
9682 -33
9683 -29
9684 -29
9685 -27
9686 -21
9687 -13
9688 53
9689 167
9690 233
9691 25
9692 -127
9693 -109
9694 -57
9695 -23
9696 -23
9697 -23
9698 -21
9699 -25
9700 -25
9701 -23
9702 -19
9703 -21
9704 -19
9705 -15
9706 -21
9707 -19
9708 -13
9709 -9
9710 -5
9711 -5
9712 -1
9713 5
9714 5
9715 9
9716 11
9717 13
9718 19
9719 23
9720 33
9721 31
9722 29
9723 39
9724 43
9725 45
9726 45
9727 45
9728 39
9729 33
9730 21
9731 9
9732 5
9733 -9
9734 -11
9735 -17
9736 -21
9737 -23
9738 -29
9739 -27
9740 -23
9741 -25
9742 -23
9743 -21
9744 -21
9745 -21
9746 -23
9747 -23
9748 -19
9749 -13
9750 -17
9751 -19
9752 -21
9753 -21
9754 -23
9755 -23
9756 -23
9757 -19
9758 -21
9759 -21
9760 -19
9761 -21
9762 -27
9763 -25
9764 -23
9765 -23
9766 -21
9767 -23
9768 -23
9769 -23
9770 -27
9771 -27
9772 -23
9773 -25
9774 -23
9775 -23
9776 -29
9777 -23
9778 -25
9779 -29
9780 -27
9781 -29
9782 -27
9783 -25
9784 -31
9785 -25
9786 -27
9787 -25
9788 -23
9789 -25
9790 -19
9791 -9
9792 -13
9793 -3
9794 7
9795 13
9796 11
9797 7
9798 1
9799 -11
9800 -25
9801 -27
9802 -27
9803 -21
9804 -21
9805 -19
9806 -13
9807 5
9808 109
9809 229
9810 161
9811 -37
9812 -127
9813 -93
9814 -35
9815 -11
9816 -11
9817 -19
9818 -13
9819 -17
9820 -21
9821 -11
9822 -19
9823 -13
9824 -11
9825 -13
9826 -11
9827 -3
9828 -3
9829 -7
9830 5
9831 3
9832 7
9833 11
9834 9
9835 11
9836 21
9837 19
9838 17
9839 23
9840 29
9841 31
9842 37
9843 65
9844 53
9845 51
9846 31
9847 85
9848 79
9849 35
9850 29
9851 31
9852 27
9853 19
9854 19
9855 15
9856 13
9857 11
9858 11
9859 9
9860 13
9861 11
9862 15
9863 23
9864 55
9865 39
9866 11
9867 -7
9868 -3
9869 11
9870 23
9871 17
9872 19
9873 17
9874 13
9875 17
9876 15
9877 13
9878 15
9879 11
9880 11
9881 9
9882 9
9883 5
9884 9
9885 7
9886 9
9887 11
9888 11
9889 13
9890 7
9891 7
9892 11
9893 9
9894 13
9895 7
9896 11
9897 7
9898 11
9899 11
9900 13
9901 11
9902 23
9903 21
9904 51
9905 9
9906 -13
9907 1
9908 23
9909 49
9910 23
9911 43
9912 59
9913 45
9914 35
9915 35
9916 21
9917 21
9918 17
9919 9
9920 11
9921 7
9922 7
9923 19
9924 27
9925 123
9926 253
9927 273
9928 3
9929 -91
9930 -55
9931 3
9932 17
9933 15
9934 13
9935 13
9936 15
9937 13
9938 15
9939 21
9940 19
9941 19
9942 19
9943 21
9944 21
9945 25
9946 29
9947 33
9948 31
9949 33
9950 33
9951 37
9952 43
9953 47
9954 45
9955 49
9956 57
9957 61
9958 61
9959 71
9960 75
9961 75
9962 69
9963 73
9964 69
9965 63
9966 55
9967 43
9968 33
9969 31
9970 15
9971 5
9972 11
9973 9
9974 7
9975 5
9976 3
9977 3
9978 1
9979 7
9980 7
9981 9
9982 7
9983 9
9984 15
9985 17
9986 9
9987 13
9988 11
9989 13
9990 17
9991 13
9992 7
9993 5
9994 -1
9995 17
9996 15
9997 13
9998 15
9999 15
