0.003
0 1022
1 1022
2 1022
3 1022
4 1022
5 1022
6 1022
7 1022
8 1022
9 1017
10 1010
11 1004
12 999
13 994
14 992
15 989
16 988
17 985
18 979
19 973
20 962
21 956
22 950
23 947
24 944
25 943
26 945
27 945
28 946
29 945
30 947
31 946
32 945
33 945
34 941
35 942
36 944
37 953
38 960
39 969
40 981
41 992
42 997
43 1000
44 1001
45 1003
46 1006
47 1008
48 1009
49 1014
50 1013
51 1007
52 998
53 986
54 971
55 959
56 948
57 939
58 934
59 931
60 924
61 924
62 924
63 926
64 929
65 930
66 929
67 927
68 927
69 923
70 923
71 922
72 925
73 926
74 927
75 928
76 924
77 923
78 924
79 926
80 926
81 927
82 923
83 918
84 912
85 912
86 923
87 948
88 989
89 1045
90 1113
91 1187
92 1267
93 1339
94 1395
95 1417
96 1400
97 1348
98 1276
99 1196
100 1110
101 1026
102 949
103 880
104 822
105 782
106 759
107 760
108 778
109 804
110 832
111 855
112 868
113 874
114 872
115 864
116 854
117 847
118 843
119 844
120 843
121 845
122 843
123 840
124 838
125 837
126 838
127 840
128 842
129 843
130 840
131 839
132 836
133 836
134 837
135 838
136 841
137 844
138 847
139 846
140 843
141 842
142 843
143 847
144 854
145 861
146 865
147 869
148 870
149 873
150 878
151 882
152 889
153 896
154 901
155 907
156 912
157 916
158 921
159 928
160 936
161 945
162 953
163 958
164 964
165 968
166 972
167 976
168 982
169 993
170 1003
171 1012
172 1019
173 1026
174 1033
175 1038
176 1044
177 1054
178 1060
179 1068
180 1075
181 1079
182 1084
183 1086
184 1089
185 1096
186 1102
187 1104
188 1100
189 1097
190 1091
191 1084
192 1079
193 1074
194 1070
195 1061
196 1049
197 1042
198 1031
199 1022
200 1011
201 1003
202 995
203 989
204 983
205 978
206 973
207 971
208 969
209 969
210 971
211 971
212 969
213 961
214 953
215 943
216 935
217 933
218 930
219 929
220 926
221 924
222 921
223 919
224 913
225 914
226 913
227 913
228 914
229 915
230 916
231 918
232 921
233 923
234 926
235 929
236 931
237 928
238 926
239 920
240 916
241 914
242 917
243 928
244 949
245 982
246 1025
247 1082
248 1155
249 1240
250 1326
251 1397
252 1446
253 1459
254 1437
255 1387
256 1326
257 1255
258 1179
259 1106
260 1033
261 952
262 880
263 824
264 796
265 791
266 812
267 840
268 865
269 881
270 883
271 875
272 864
273 850
274 845
275 842
276 838
277 842
278 843
279 840
280 838
281 834
282 833
283 829
284 826
285 819
286 816
287 811
288 810
289 808
290 811
291 813
292 814
293 815
294 811
295 811
296 806
297 803
298 802
299 804
300 804
301 804
302 809
303 811
304 815
305 819
306 824
307 828
308 835
309 841
310 845
311 848
312 854
313 863
314 874
315 885
316 898
317 906
318 914
319 921
320 923
321 934
322 944
323 951
324 961
325 969
326 978
327 987
328 995
329 1003
330 1012
331 1020
332 1024
333 1021
334 1021
335 1020
336 1021
337 1023
338 1024
339 1024
340 1023
341 1021
342 1016
343 1009
344 1006
345 1002
346 997
347 990
348 985
349 983
350 976
351 975
352 974
353 974
354 972
355 965
356 959
357 953
358 946
359 942
360 938
361 937
362 933
363 932
364 925
365 926
366 921
367 918
368 915
369 913
370 909
371 909
372 904
373 904
374 903
375 903
376 907
377 913
378 913
379 913
380 911
381 906
382 904
383 904
384 903
385 905
386 905
387 909
388 905
389 906
390 907
391 906
392 904
393 904
394 905
395 903
396 898
397 898
398 899
399 905
400 908
401 912
402 911
403 909
404 904
405 900
406 896
407 901
408 902
409 904
410 908
411 909
412 911
413 913
414 914
415 915
416 913
417 913
418 915
419 913
420 914
421 917
422 925
423 933
424 943
425 951
426 956
427 959
428 960
429 961
430 961
431 964
432 966
433 968
434 967
435 966
436 963
437 956
438 946
439 935
440 924
441 911
442 901
443 892
444 885
445 884
446 888
447 891
448 895
449 899
450 898
451 898
452 893
453 891
454 889
455 888
456 889
457 891
458 892
459 892
460 892
461 892
462 889
463 891
464 888
465 887
466 880
467 875
468 877
469 890
470 918
471 965
472 1022
473 1094
474 1178
475 1268
476 1346
477 1401
478 1419
479 1397
480 1340
481 1263
482 1175
483 1086
484 1002
485 920
486 848
487 794
488 762
489 760
490 777
491 802
492 827
493 845
494 852
495 849
496 842
497 833
498 825
499 820
500 819
501 820
502 820
503 818
504 816
505 813
506 810
507 808
508 807
509 807
510 809
511 808
512 807
513 804
514 800
515 799
516 799
517 799
518 802
519 807
520 811
521 807
522 810
523 814
524 815
525 818
526 819
527 823
528 826
529 826
530 829
531 834
532 840
533 846
534 853
535 860
536 859
537 863
538 865
539 870
540 874
541 883
542 895
543 901
544 908
545 915
546 922
547 927
548 936
549 944
550 949
551 955
552 961
553 965
554 971
555 980
556 989
557 998
558 1007
559 1013
560 1020
561 1024
562 1027
563 1030
564 1035
565 1041
566 1051
567 1052
568 1060
569 1061
570 1062
571 1061
572 1064
573 1068
574 1067
575 1067
576 1063
577 1062
578 1057
579 1055
580 1054
581 1055
582 1049
583 1045
584 1041
585 1033
586 1024
587 1017
588 1014
589 1006
590 1003
591 998
592 995
593 990
594 983
595 977
596 971
597 969
598 964
599 960
600 954
601 952
602 949
603 948
604 952
605 955
606 955
607 957
608 954
609 949
610 946
611 944
612 946
613 950
614 956
615 962
616 967
617 974
618 978
619 981
620 984
621 988
622 992
623 993
624 994
625 995
626 994
627 996
628 995
629 992
630 984
631 974
632 961
633 944
634 933
635 923
636 916
637 914
638 909
639 912
640 911
641 910
642 911
643 910
644 908
645 909
646 908
647 907
648 903
649 903
650 905
651 907
652 910
653 911
654 915
655 915
656 913
657 911
658 907
659 905
660 902
661 900
662 898
663 900
664 913
665 941
666 982
667 1031
668 1093
669 1162
670 1236
671 1310
672 1373
673 1404
674 1394
675 1351
676 1282
677 1195
678 1103
679 1015
680 935
681 870
682 816
683 780
684 762
685 764
686 786
687 812
688 838
689 855
690 863
691 860
692 855
693 847
694 840
695 834
696 831
697 829
698 826
699 828
700 827
701 831
702 831
703 831
704 827
705 825
706 818
707 814
708 812
709 813
710 812
711 813
712 811
713 813
714 812
715 812
716 813
717 815
718 816
719 814
720 813
721 812
722 813
723 817
724 821
725 825
726 833
727 839
728 842
729 842
730 849
731 850
732 857
733 865
734 875
735 883
736 893
737 897
738 904
739 910
740 917
741 923
742 932
743 942
744 950
745 957
746 967
747 975
748 983
749 993
750 1003
751 1013
752 1019
753 1024
754 1028
755 1032
756 1036
757 1042
758 1048
759 1055
760 1061
761 1066
762 1066
763 1064
764 1066
765 1061
766 1064
767 1063
768 1062
769 1062
770 1058
771 1056
772 1052
773 1051
774 1048
775 1044
776 1043
777 1039
778 1032
779 1025
780 1019
781 1014
782 1009
783 1008
784 1005
785 1005
786 1001
787 995
788 988
789 982
790 975
791 970
792 969
793 963
794 959
795 955
796 951
797 948
798 946
799 944
800 942
801 940
802 937
803 935
804 930
805 927
806 926
807 925
808 927
809 929
810 934
811 937
812 938
813 942
814 947
815 955
816 960
817 966
818 972
819 976
820 979
821 981
822 985
823 986
824 987
825 986
826 985
827 981
828 972
829 960
830 949
831 937
832 930
833 923
834 916
835 910
836 906
837 900
838 898
839 898
840 897
841 902
842 904
843 905
844 908
845 906
846 905
847 902
848 903
849 901
850 902
851 905
852 905
853 905
854 906
855 906
856 908
857 910
858 911
859 910
860 907
861 903
862 903
863 908
864 932
865 970
866 1019
867 1083
868 1163
869 1243
870 1323
871 1388
872 1429
873 1435
874 1402
875 1341
876 1259
877 1168
878 1077
879 996
880 927
881 870
882 827
883 799
884 787
885 793
886 809
887 829
888 851
889 869
890 880
891 878
892 878
893 873
894 868
895 864
896 860
897 854
898 851
899 851
900 852
901 853
902 853
903 853
904 854
905 852
906 852
907 851
908 847
909 848
910 847
911 846
912 843
913 842
914 841
915 841
916 842
917 846
918 849
919 852
920 853
921 850
922 850
923 852
924 855
925 859
926 866
927 872
928 879
929 884
930 886
931 891
932 896
933 902
934 908
935 914
936 920
937 927
938 934
939 940
940 948
941 955
942 963
943 970
944 979
945 982
946 989
947 994
948 999
949 1007
950 1017
951 1029
952 1040
953 1048
954 1055
955 1060
956 1063
957 1066
958 1071
959 1077
960 1080
961 1082
962 1085
963 1084
964 1085
965 1089
966 1090
967 1092
968 1091
969 1088
970 1085
971 1078
972 1072
973 1069
974 1066
975 1069
976 1069
977 1067
978 1063
979 1056
980 1046
981 1039
982 1032
983 1029
984 1023
985 1018
986 1015
987 1012
988 1011
989 1008
990 1001
991 996
992 992
993 984
994 977
995 966
996 961
997 955
998 950
999 949
1000 948
1001 948
1002 946
1003 940
1004 932
1005 932
1006 932
1007 928
1008 931
1009 933
1010 931
1011 931
1012 931
1013 930
1014 929
1015 935
1016 938
1017 945
1018 953
1019 954
1020 959
1021 962
1022 969
1023 975
1024 986
1025 994
1026 1000
1027 1004
1028 1003
1029 1002
1030 998
1031 995
1032 988
1033 981
1034 971
1035 959
1036 946
1037 935
1038 923
1039 917
1040 911
1041 911
1042 910
1043 913
1044 911
1045 910
1046 910
1047 910
1048 911
1049 913
1050 915
1051 913
1052 911
1053 907
1054 906
1055 903
1056 906
1057 907
1058 912
1059 913
1060 912
1061 911
1062 907
1063 901
1064 900
1065 900
1066 906
1067 928
1068 963
1069 1012
1070 1064
1071 1125
1072 1195
1073 1267
1074 1336
1075 1386
1076 1400
1077 1376
1078 1314
1079 1227
1080 1128
1081 1031
1082 946
1083 872
1084 813
1085 762
1086 732
1087 724
1088 738
1089 763
1090 794
1091 821
1092 838
1093 843
1094 842
1095 841
1096 837
1097 835
1098 830
1099 828
1100 825
1101 822
1102 821
1103 822
1104 821
1105 820
1106 821
1107 819
1108 819
1109 819
1110 820
1111 821
1112 821
1113 821
1114 820
1115 819
1116 815
1117 818
1118 820
1119 824
1120 829
1121 832
1122 835
1123 837
1124 837
1125 837
1126 842
1127 847
1128 853
1129 860
1130 866
1131 869
1132 875
1133 880
1134 885
1135 889
1136 899
1137 903
1138 905
1139 909
1140 912
1141 918
1142 930
1143 938
1144 949
1145 957
1146 965
1147 970
1148 974
1149 980
1150 988
1151 996
1152 1001
1153 1011
1154 1019
1155 1021
1156 1027
1157 1030
1158 1032
1159 1034
1160 1038
1161 1041
1162 1043
1163 1043
1164 1043
1165 1043
1166 1042
1167 1046
1168 1047
1169 1045
1170 1044
1171 1038
1172 1031
1173 1025
1174 1018
1175 1012
1176 1008
1177 1004
1178 1004
1179 998
1180 994
1181 987
1182 981
1183 973
1184 968
1185 966
1186 962
1187 955
1188 949
1189 947
1190 941
1191 936
1192 937
1193 934
1194 931
1195 926
1196 920
1197 915
1198 907
1199 905
1200 903
1201 906
1202 909
1203 908
1204 910
1205 910
1206 910
1207 909
1208 908
1209 910
1210 911
1211 913
1212 914
1213 919
1214 921
1215 929
1216 940
1217 947
1218 957
1219 960
1220 964
1221 963
1222 962
1223 963
1224 967
1225 971
1226 974
1227 973
1228 971
1229 964
1230 954
1231 940
1232 927
1233 917
1234 908
1235 900
1236 892
1237 890
1238 889
1239 889
1240 890
1241 893
1242 892
1243 895
1244 890
1245 885
1246 885
1247 883
1248 882
1249 887
1250 890
1251 891
1252 892
1253 890
1254 889
1255 889
1256 889
1257 887
1258 887
1259 881
1260 877
1261 873
1262 874
1263 886
1264 914
1265 958
1266 1017
1267 1082
1268 1155
1269 1228
1270 1296
1271 1353
1272 1389
1273 1396
1274 1369
1275 1310
1276 1233
1277 1145
1278 1046
1279 958
1280 877
1281 815
1282 763
1283 732
1284 725
1285 740
1286 764
1287 791
1288 815
1289 832
1290 837
1291 835
1292 829
1293 820
1294 812
1295 807
1296 805
1297 806
1298 809
1299 809
1300 810
1301 811
1302 807
1303 801
1304 799
1305 796
1306 798
1307 796
1308 799
1309 798
1310 798
1311 795
1312 794
1313 794
1314 794
1315 798
1316 796
1317 796
1318 791
1319 793
1320 795
1321 798
1322 801
1323 805
1324 811
1325 816
1326 816
1327 819
1328 821
1329 825
1330 829
1331 835
1332 842
1333 848
1334 856
1335 863
1336 870
1337 876
1338 884
1339 893
1340 895
1341 904
1342 907
1343 913
1344 919
1345 929
1346 942
1347 952
1348 964
1349 971
1350 979
1351 985
1352 990
1353 999
1354 1005
1355 1013
1356 1019
1357 1025
1358 1031
1359 1030
1360 1033
1361 1036
1362 1041
1363 1044
1364 1047
1365 1047
1366 1044
1367 1041
1368 1037
1369 1035
1370 1033
1371 1032
1372 1033
1373 1033
1374 1031
1375 1024
1376 1018
1377 1011
1378 1004
1379 1000
1380 995
1381 993
1382 987
1383 985
1384 980
1385 972
1386 968
1387 961
1388 958
1389 951
1390 946
1391 940
1392 933
1393 929
1394 923
1395 923
1396 922
1397 922
1398 922
1399 920
1400 916
1401 915
1402 911
1403 912
1404 911
1405 914
1406 916
1407 917
1408 920
1409 925
1410 933
1411 941
1412 948
1413 952
1414 959
1415 960
1416 961
1417 966
1418 970
1419 976
1420 981
1421 979
1422 977
1423 967
1424 956
1425 943
1426 930
1427 917
1428 905
1429 899
1430 890
1431 882
1432 883
1433 882
1434 883
1435 883
1436 884
1437 884
1438 880
1439 877
1440 874
1441 874
1442 876
1443 880
1444 885
1445 888
1446 887
1447 886
1448 882
1449 883
1450 880
1451 882
1452 876
1453 876
1454 873
1455 868
1456 866
1457 874
1458 895
1459 928
1460 976
1461 1038
1462 1110
1463 1195
1464 1278
1465 1352
1466 1388
1467 1376
1468 1327
1469 1251
1470 1156
1471 1064
1472 978
1473 906
1474 846
1475 796
1476 761
1477 743
1478 745
1479 764
1480 792
1481 820
1482 837
1483 842
1484 837
1485 829
1486 819
1487 808
1488 805
1489 806
1490 810
1491 811
1492 813
1493 814
1494 809
1495 805
1496 803
1497 799
1498 797
1499 797
1500 795
1501 794
1502 789
1503 790
1504 792
1505 794
1506 795
1507 797
1508 794
1509 794
1510 790
1511 789
1512 789
1513 793
1514 799
1515 803
1516 807
1517 810
1518 811
1519 815
1520 818
1521 824
1522 830
1523 836
1524 843
1525 849
1526 857
1527 870
1528 881
1529 891
1530 902
1531 909
1532 915
1533 922
1534 928
1535 937
1536 946
1537 957
1538 967
1539 973
1540 981
1541 989
1542 1003
1543 1012
1544 1019
1545 1027
1546 1028
1547 1030
1548 1031
1549 1035
1550 1035
1551 1043
1552 1046
1553 1047
1554 1047
1555 1041
1556 1036
1557 1032
1558 1028
1559 1029
1560 1025
1561 1021
1562 1017
1563 1014
1564 1010
1565 1006
1566 1005
1567 1001
1568 996
1569 991
1570 983
1571 974
1572 969
1573 963
1574 963
1575 959
1576 956
1577 952
1578 944
1579 939
1580 936
1581 933
1582 928
1583 927
1584 921
1585 918
1586 914
1587 910
1588 908
1589 908
1590 909
1591 909
1592 906
1593 905
1594 904
1595 906
1596 908
1597 918
1598 928
1599 937
1600 944
1601 950
1602 955
1603 957
1604 964
1605 970
1606 974
1607 977
1608 975
1609 973
1610 971
1611 965
1612 957
1613 947
1614 936
1615 925
1616 914
1617 907
1618 899
1619 896
1620 896
1621 900
1622 900
1623 900
1624 899
1625 903
1626 903
1627 901
1628 899
1629 899
1630 897
1631 894
1632 892
1633 894
1634 895
1635 897
1636 903
1637 909
1638 910
1639 909
1640 907
1641 902
1642 895
1643 891
1644 889
1645 893
1646 906
1647 937
1648 980
1649 1031
1650 1100
1651 1174
1652 1252
1653 1328
1654 1379
1655 1388
1656 1349
1657 1279
1658 1193
1659 1099
1660 1016
1661 943
1662 884
1663 835
1664 797
1665 766
1666 755
1667 757
1668 776
1669 801
1670 831
1671 848
1672 855
1673 853
1674 847
1675 838
1676 832
1677 828
1678 826
1679 826
1680 828
1681 827
1682 823
1683 821
1684 823
1685 824
1686 826
1687 826
1688 821
1689 818
1690 815
1691 816
1692 815
1693 819
1694 822
1695 825
1696 823
1697 820
1698 822
1699 825
1700 826
1701 826
1702 829
1703 834
1704 834
1705 839
1706 843
1707 848
1708 851
1709 856
1710 865
1711 870
1712 874
1713 881
1714 885
1715 890
1716 897
1717 910
1718 920
1719 924
1720 934
1721 943
1722 949
1723 954
1724 957
1725 964
1726 975
1727 980
1728 987
1729 992
1730 999
1731 1008
1732 1018
1733 1026
1734 1035
1735 1043
1736 1046
1737 1049
1738 1049
1739 1052
1740 1052
1741 1056
1742 1060
1743 1062
1744 1065
1745 1065
1746 1063
1747 1062
1748 1059
1749 1056
1750 1054
1751 1051
1752 1043
1753 1037
1754 1034
1755 1029
1756 1026
1757 1027
1758 1026
1759 1023
1760 1018
1761 1010
1762 1002
1763 993
1764 986
1765 982
1766 978
1767 974
1768 968
1769 963
1770 960
1771 953
1772 947
1773 941
1774 940
1775 933
1776 930
1777 924
1778 919
1779 917
1780 916
1781 916
1782 918
1783 917
1784 913
1785 908
1786 904
1787 903
1788 904
1789 906
1790 910
1791 914
1792 918
1793 922
1794 929
1795 936
1796 944
1797 951
1798 956
1799 959
1800 964
1801 968
1802 976
1803 983
1804 988
1805 990
1806 987
1807 977
1808 964
1809 948
1810 932
1811 919
1812 910
1813 904
1814 898
1815 895
1816 893
1817 893
1818 892
1819 895
1820 898
1821 897
1822 893
1823 892
1824 888
1825 889
1826 890
1827 896
1828 898
1829 899
1830 900
1831 900
1832 896
1833 893
1834 894
1835 891
1836 889
1837 887
1838 884
1839 880
1840 884
1841 904
1842 941
1843 995
1844 1060
1845 1136
1846 1216
1847 1293
1848 1359
1849 1396
1850 1389
1851 1342
1852 1266
1853 1174
1854 1078
1855 992
1856 919
1857 859
1858 808
1859 767
1860 739
1861 732
1862 742
1863 763
1864 791
1865 815
1866 831
1867 838
1868 838
1869 832
1870 824
1871 816
1872 811
1873 810
1874 812
1875 814
1876 815
1877 815
1878 819
1879 816
1880 812
1881 808
1882 805
1883 806
1884 804
1885 804
1886 806
1887 805
1888 807
1889 807
1890 810
1891 814
1892 815
1893 815
1894 815
1895 813
1896 812
1897 815
1898 819
1899 825
1900 829
1901 834
1902 837
1903 840
1904 842
1905 843
1906 848
1907 854
1908 860
1909 868
1910 875
1911 879
1912 886
1913 894
1914 902
1915 909
1916 918
1917 925
1918 930
1919 935
1920 939
1921 945
1922 952
1923 960
1924 967
1925 978
1926 982
1927 990
1928 995
1929 1001
1930 1006
1931 1011
1932 1017
1933 1022
1934 1028
1935 1031
1936 1034
1937 1035
1938 1038
1939 1038
1940 1041
1941 1041
1942 1036
1943 1034
1944 1028
1945 1025
1946 1021
1947 1021
1948 1021
1949 1020
1950 1017
1951 1011
1952 1002
1953 995
1954 990
1955 982
1956 980
1957 978
1958 970
1959 967
1960 960
1961 955
1962 952
1963 948
1964 944
1965 939
1966 932
1967 926
1968 918
1969 918
1970 917
1971 914
1972 913
1973 913
1974 908
1975 905
1976 900
1977 899
1978 897
1979 899
1980 903
1981 908
1982 913
1983 914
1984 915
1985 916
1986 921
1987 925
1988 932
1989 938
1990 938
1991 940
1992 943
1993 945
1994 953
1995 957
1996 967
1997 975
1998 980
1999 978
2000 976
2001 970
2002 960
2003 947
2004 934
2005 925
2006 913
2007 907
2008 899
2009 892
2010 888
2011 886
2012 885
2013 885
2014 887
2015 887
2016 886
2017 883
2018 881
2019 879
2020 882
2021 886
2022 886
2023 886
2024 888
2025 886
2026 885
2027 880
2028 878
2029 877
2030 877
2031 881
2032 879
2033 883
2034 879
2035 874
2036 875
2037 880
2038 897
2039 930
2040 978
2041 1038
2042 1110
2043 1192
2044 1277
2045 1352
2046 1404
2047 1415
2048 1386
2049 1318
2050 1230
2051 1134
2052 1034
2053 947
2054 870
2055 807
2056 762
2057 735
2058 732
2059 747
2060 771
2061 800
2062 823
2063 833
2064 835
2065 832
2066 824
2067 814
2068 810
2069 808
2070 810
2071 812
2072 812
2073 809
2074 807
2075 800
2076 800
2077 799
2078 801
2079 802
2080 803
2081 801
2082 800
2083 797
2084 796
2085 795
2086 795
2087 795
2088 792
2089 793
2090 791
2091 792
2092 797
2093 801
2094 807
2095 810
2096 812
2097 812
2098 814
2099 815
2100 817
2101 821
2102 832
2103 838
2104 846
2105 851
2106 856
2107 859
2108 864
2109 870
2110 877
2111 887
2112 893
2113 903
2114 911
2115 920
2116 927
2117 935
2118 949
2119 959
2120 967
2121 973
2122 977
2123 980
2124 990
2125 1000
2126 1009
2127 1018
2128 1025
2129 1031
2130 1032
2131 1037
2132 1038
2133 1040
2134 1042
2135 1043
2136 1041
2137 1040
2138 1038
2139 1038
2140 1037
2141 1039
2142 1038
2143 1029
2144 1022
2145 1016
2146 1011
2147 1006
2148 1002
2149 998
2150 997
2151 992
2152 987
2153 980
2154 973
2155 966
2156 965
2157 961
2158 955
2159 948
2160 942
2161 932
2162 929
2163 929
2164 928
2165 926
2166 924
2167 923
2168 918
2169 914
2170 912
2171 910
2172 910
2173 911
2174 910
2175 910
2176 911
2177 917
2178 922
2179 928
2180 937
2181 942
2182 947
2183 950
2184 950
2185 954
2186 959
2187 966
2188 974
2189 976
2190 975
2191 971
2192 964
2193 951
2194 943
2195 932
2196 922
2197 907
2198 896
2199 891
2200 884
2201 881
2202 881
2203 883
2204 882
2205 878
2206 878
2207 877
2208 877
2209 877
2210 877
2211 881
2212 882
2213 885
2214 882
2215 880
2216 877
2217 880
2218 877
2219 878
2220 878
2221 874
2222 872
2223 871
2224 870
2225 869
2226 872
2227 882
2228 900
2229 931
2230 970
2231 1025
2232 1093
2233 1173
2234 1257
2235 1334
2236 1382
2237 1392
2238 1351
2239 1280
2240 1187
2241 1084
2242 986
2243 901
2244 828
2245 774
2246 739
2247 728
2248 738
2249 761
2250 792
2251 819
2252 839
2253 842
2254 837
2255 824
2256 815
2257 809
2258 808
2259 807
2260 811
2261 812
2262 812
2263 809
2264 809
2265 808
2266 806
2267 808
2268 803
2269 801
2270 799
2271 799
2272 796
2273 799
2274 801
2275 800
2276 803
2277 801
2278 800
2279 799
2280 802
2281 806
2282 812
2283 819
2284 825
2285 827
2286 831
2287 833
2288 836
2289 844
2290 850
2291 855
2292 862
2293 872
2294 877
2295 886
2296 896
2297 908
2298 916
2299 925
2300 934
2301 938
2302 942
2303 946
2304 952
2305 962
2306 973
2307 982
2308 990
2309 999
2310 1004
2311 1011
2312 1021
2313 1030
2314 1041
2315 1047
2316 1051
2317 1053
2318 1054
2319 1055
2320 1056
2321 1061
2322 1067
2323 1072
2324 1071
2325 1069
2326 1066
2327 1059
2328 1056
2329 1053
2330 1052
2331 1051
2332 1046
2333 1043
2334 1037
2335 1033
2336 1027
2337 1022
2338 1021
2339 1019
2340 1012
2341 1004
2342 1000
2343 996
2344 989
2345 990
2346 987
2347 982
2348 975
2349 972
2350 960
2351 951
2352 944
2353 941
2354 940
2355 939
2356 937
2357 935
2358 931
2359 925
2360 917
2361 916
2362 912
2363 910
2364 910
2365 910
2366 909
2367 907
2368 909
2369 908
2370 909
2371 913
2372 915
2373 918
2374 921
2375 925
2376 931
2377 939
2378 947
2379 954
2380 962
2381 968
2382 972
2383 974
2384 975
2385 977
2386 975
2387 973
2388 969
2389 964
2390 957
2391 947
2392 935
2393 923
2394 915
2395 909
2396 904
2397 903
2398 902
2399 900
2400 898
2401 894
2402 893
2403 893
2404 898
2405 901
2406 901
2407 898
2408 899
2409 895
2410 894
2411 893
2412 894
2413 893
2414 893
2415 895
2416 894
2417 896
2418 898
2419 896
2420 892
2421 890
2422 886
2423 883
2424 891
2425 914
2426 948
2427 999
2428 1061
2429 1134
2430 1214
2431 1295
2432 1359
2433 1390
2434 1381
2435 1326
2436 1247
2437 1149
2438 1050
2439 962
2440 887
2441 830
2442 786
2443 752
2444 734
2445 729
2446 743
2447 763
2448 788
2449 810
2450 828
2451 837
2452 842
2453 840
2454 835
2455 830
2456 825
2457 819
2458 818
2459 816
2460 816
2461 816
2462 815
2463 816
2464 814
2465 813
2466 813
2467 814
2468 814
2469 817
2470 816
2471 815
2472 812
2473 811
2474 810
2475 808
2476 809
2477 813
2478 817
2479 822
2480 825
2481 827
2482 827
2483 827
2484 831
2485 833
2486 839
2487 847
2488 851
2489 859
2490 861
2491 867
2492 871
2493 876
2494 880
2495 887
2496 897
2497 903
2498 908
2499 915
2500 921
2501 929
2502 938
2503 947
2504 953
2505 958
2506 964
2507 968
2508 975
2509 984
2510 993
2511 1003
2512 1010
2513 1016
2514 1021
2515 1025
2516 1029
2517 1030
2518 1038
2519 1039
2520 1041
2521 1043
2522 1045
2523 1044
2524 1042
2525 1045
2526 1046
2527 1046
2528 1044
2529 1037
2530 1029
2531 1020
2532 1016
2533 1011
2534 1006
2535 1003
2536 997
2537 992
2538 990
2539 985
2540 982
2541 979
2542 973
2543 970
2544 960
2545 953
2546 949
2547 944
2548 942
2549 943
2550 937
2551 934
2552 924
2553 919
2554 912
2555 908
2556 909
2557 904
2558 905
2559 904
2560 903
2561 903
2562 901
2563 902
2564 902
2565 905
2566 902
2567 903
2568 903
2569 905
2570 908
2571 917
2572 926
2573 936
2574 944
2575 949
2576 952
2577 952
2578 954
2579 956
2580 958
2581 962
2582 968
2583 971
2584 968
2585 963
2586 957
2587 949
2588 938
2589 929
2590 917
2591 907
2592 896
2593 888
2594 883
2595 881
2596 884
2597 885
2598 888
2599 887
2600 886
2601 883
2602 880
2603 881
2604 879
2605 881
2606 881
2607 886
2608 886
2609 885
2610 885
2611 886
2612 884
2613 882
2614 883
2615 882
2616 881
2617 878
2618 875
2619 870
2620 869
2621 872
2622 887
2623 916
2624 956
2625 1011
2626 1074
2627 1150
2628 1229
2629 1304
2630 1366
2631 1403
2632 1407
2633 1374
2634 1314
2635 1232
2636 1143
2637 1049
2638 967
2639 896
2640 830
2641 777
2642 738
2643 721
2644 727
2645 744
2646 771
2647 802
2648 821
2649 832
2650 831
2651 824
2652 814
2653 805
2654 799
2655 800
2656 798
2657 801
2658 804
2659 802
2660 800
2661 793
2662 791
2663 788
2664 788
2665 788
2666 789
2667 792
2668 790
2669 789
2670 788
2671 786
2672 786
2673 785
2674 785
2675 785
2676 785
2677 784
2678 783
2679 784
2680 789
2681 793
2682 799
2683 801
2684 802
2685 804
2686 803
2687 802
2688 807
2689 814
2690 819
2691 826
2692 831
2693 838
2694 842
2695 850
2696 854
2697 861
2698 868
2699 875
2700 881
2701 887
2702 892
2703 897
2704 904
2705 913
2706 920
2707 929
2708 942
2709 948
2710 955
2711 960
2712 966
2713 971
2714 979
2715 989
2716 997
2717 1003
2718 1009
2719 1013
2720 1014
2721 1016
2722 1016
2723 1020
2724 1021
2725 1021
2726 1022
2727 1023
2728 1022
2729 1019
2730 1017
2731 1016
2732 1014
2733 1011
2734 1003
2735 994
2736 993
2737 983
2738 979
2739 979
2740 981
2741 979
2742 977
2743 971
2744 962
2745 957
2746 949
2747 944
2748 941
2749 935
2750 932
2751 926
2752 922
2753 916
2754 913
2755 911
2756 909
2757 906
2758 905
2759 901
2760 896
2761 890
2762 889
2763 889
2764 892
2765 893
2766 896
2767 895
2768 896
2769 894
2770 892
2771 900
2772 904
2773 913
2774 921
2775 929
2776 933
2777 937
2778 940
2779 941
2780 943
2781 949
2782 954
2783 956
2784 955
2785 950
2786 944
2787 936
2788 927
2789 920
2790 912
2791 905
2792 896
2793 887
2794 876
2795 866
2796 861
2797 860
2798 867
2799 869
2800 872
2801 873
2802 872
2803 870
2804 867
2805 866
2806 869
2807 869
2808 868
2809 869
2810 870
2811 869
2812 869
2813 869
2814 871
2815 872
2816 875
2817 872
2818 869
2819 863
2820 857
2821 857
2822 863
2823 880
2824 909
2825 949
2826 997
2827 1056
2828 1122
2829 1193
2830 1268
2831 1332
2832 1372
2833 1379
2834 1346
2835 1285
2836 1204
2837 1114
2838 1023
2839 940
2840 863
2841 799
2842 754
2843 727
2844 722
2845 736
2846 763
2847 794
2848 818
2849 833
2850 837
2851 830
2852 819
2853 811
2854 804
2855 797
2856 798
2857 797
2858 799
2859 798
2860 799
2861 795
2862 795
2863 795
2864 794
2865 792
2866 789
2867 786
2868 782
2869 780
2870 780
2871 785
2872 785
2873 786
2874 788
2875 788
2876 786
2877 785
2878 787
2879 788
2880 793
2881 796
2882 797
2883 802
2884 807
2885 814
2886 821
2887 831
2888 837
2889 841
2890 846
2891 851
2892 857
2893 862
2894 872
2895 884
2896 897
2897 905
2898 916
2899 924
2900 933
2901 944
2902 951
2903 960
2904 970
2905 975
2906 980
2907 986
2908 996
2909 1005
2910 1015
2911 1023
2912 1029
2913 1033
2914 1036
2915 1037
2916 1041
2917 1040
2918 1042
2919 1045
2920 1042
2921 1043
2922 1043
2923 1040
2924 1038
2925 1034
2926 1031
2927 1028
2928 1019
2929 1013
2930 1011
2931 1006
2932 1006
2933 1004
2934 1000
2935 996
2936 991
2937 986
2938 981
2939 980
2940 974
2941 970
2942 966
2943 959
2944 951
2945 944
2946 940
2947 939
2948 937
2949 932
2950 928
2951 922
2952 916
2953 911
2954 911
2955 911
2956 914
2957 916
2958 919
2959 919
2960 916
2961 915
2962 918
2963 920
2964 926
2965 933
2966 941
2967 948
2968 954
2969 961
2970 962
2971 969
2972 972
2973 977
2974 980
2975 979
2976 980
2977 976
2978 971
2979 967
2980 961
2981 952
2982 940
2983 928
2984 917
2985 906
2986 900
2987 898
2988 902
2989 905
2990 905
2991 904
2992 903
2993 898
2994 898
2995 898
2996 901
2997 901
2998 903
2999 902
3000 899
3001 899
3002 903
3003 901
3004 903
3005 904
3006 903
3007 900
3008 895
3009 890
3010 891
3011 895
3012 909
3013 938
3014 977
3015 1027
3016 1087
3017 1155
3018 1232
3019 1304
3020 1364
3021 1390
3022 1375
3023 1317
3024 1235
3025 1143
3026 1046
3027 965
3028 894
3029 839
3030 797
3031 767
3032 748
3033 749
3034 765
3035 791
3036 817
3037 837
3038 848
3039 848
3040 843
3041 836
3042 831
3043 829
3044 826
3045 824
3046 822
3047 821
3048 819
3049 815
3050 819
3051 820
3052 819
3053 818
3054 815
3055 814
3056 810
3057 809
3058 811
3059 814
3060 812
3061 813
3062 813
3063 814
3064 813
3065 818
3066 823
3067 830
3068 834
3069 836
3070 836
3071 837
3072 838
3073 843
3074 849
3075 856
3076 862
3077 865
3078 870
3079 877
3080 881
3081 888
3082 895
3083 904
3084 913
3085 920
3086 925
3087 931
3088 937
3089 944
3090 956
3091 965
3092 976
3093 986
3094 991
3095 994
3096 998
3097 1003
3098 1011
3099 1019
3100 1025
3101 1030
3102 1035
3103 1039
3104 1045
3105 1048
3106 1052
3107 1054
3108 1056
3109 1053
3110 1048
3111 1044
3112 1042
3113 1040
3114 1038
3115 1040
3116 1041
3117 1038
3118 1035
3119 1028
3120 1023
3121 1015
3122 1008
3123 1005
3124 1002
3125 1002
3126 997
3127 992
3128 986
3129 979
3130 975
3131 969
3132 966
3133 957
3134 955
3135 948
3136 944
3137 936
3138 938
3139 933
3140 926
3141 922
3142 915
3143 908
3144 902
3145 902
3146 900
3147 900
3148 900
3149 902
3150 899
3151 899
3152 896
3153 894
3154 891
3155 889
3156 888
3157 890
3158 896
3159 904
3160 913
3161 923
3162 933
3163 941
3164 943
3165 945
3166 949
3167 949
3168 951
3169 956
3170 964
3171 968
3172 970
3173 969
3174 964
3175 955
3176 945
3177 931
3178 920
3179 910
3180 901
3181 895
3182 890
3183 886
3184 881
3185 883
3186 884
3187 885
3188 884
3189 881
3190 884
3191 881
3192 882
3193 880
3194 879
3195 881
3196 883
3197 885
3198 888
3199 886
3200 889
3201 885
3202 884
3203 884
3204 884
3205 879
3206 877
3207 870
3208 867
3209 867
3210 880
3211 905
3212 948
3213 1003
3214 1075
3215 1151
3216 1234
3217 1311
3218 1374
3219 1405
3220 1396
3221 1347
3222 1276
3223 1188
3224 1095
3225 1004
3226 920
3227 843
3228 780
3229 735
3230 719
3231 721
3232 745
3233 774
3234 801
3235 820
3236 833
3237 832
3238 826
3239 819
3240 808
3241 803
3242 802
3243 803
3244 808
3245 809
3246 808
3247 805
3248 801
3249 796
3250 794
3251 793
3252 794
3253 792
3254 792
3255 790
3256 792
3257 794
3258 800
3259 804
3260 807
3261 806
3262 806
3263 804
3264 804
3265 808
3266 810
3267 815
3268 820
3269 825
3270 830
3271 833
3272 839
3273 844
3274 850
3275 857
3276 861
3277 864
3278 868
3279 874
3280 882
3281 892
3282 901
3283 910
3284 919
3285 924
3286 929
3287 937
3288 944
3289 953
3290 962
3291 970
3292 974
3293 977
3294 987
3295 993
3296 1001
3297 1005
3298 1009
3299 1013
3300 1013
3301 1017
3302 1020
3303 1023
3304 1027
3305 1032
3306 1034
3307 1032
3308 1028
3309 1023
3310 1017
3311 1013
3312 1012
3313 1009
3314 1007
3315 1001
3316 996
3317 994
3318 988
3319 984
3320 982
3321 978
3322 973
3323 964
3324 957
3325 948
3326 946
3327 941
3328 939
3329 936
3330 932
3331 928
3332 920
3333 915
3334 908
3335 904
3336 899
3337 897
3338 894
3339 896
3340 896
3341 893
3342 892
3343 895
3344 895
3345 897
3346 895
3347 894
3348 892
3349 892
3350 897
3351 904
3352 914
3353 923
3354 931
3355 937
3356 940
3357 941
3358 945
3359 949
3360 952
3361 955
3362 956
3363 956
3364 954
3365 950
3366 942
3367 933
3368 924
3369 914
3370 901
3371 890
3372 882
3373 874
3374 870
3375 873
3376 878
3377 878
3378 877
3379 874
3380 871
3381 870
3382 869
3383 868
3384 869
3385 866
3386 866
3387 865
3388 865
3389 871
3390 872
3391 875
3392 878
3393 876
3394 871
3395 863
3396 857
3397 852
3398 859
3399 875
3400 901
3401 944
3402 994
3403 1063
3404 1136
3405 1216
3406 1293
3407 1356
3408 1390
3409 1386
3410 1346
3411 1282
3412 1208
3413 1127
3414 1045
3415 965
3416 890
3417 821
3418 766
3419 727
3420 717
3421 729
3422 754
3423 787
3424 809
3425 825
3426 829
3427 820
3428 808
3429 800
3430 795
3431 793
3432 795
3433 794
3434 796
3435 794
3436 792
3437 790
3438 789
3439 789
3440 790
3441 788
3442 785
3443 781
3444 777
3445 774
3446 772
3447 776
3448 778
3449 781
3450 781
3451 783
3452 781
3453 782
3454 780
3455 783
3456 787
3457 788
3458 789
3459 792
3460 795
3461 797
3462 805
3463 811
3464 818
3465 822
3466 825
3467 828
3468 834
3469 839
3470 846
3471 855
3472 868
3473 878
3474 885
3475 891
3476 897
3477 903
3478 915
3479 923
3480 932
3481 942
3482 950
3483 959
3484 967
3485 974
3486 987
3487 995
3488 1002
3489 1009
3490 1010
3491 1011
3492 1012
3493 1015
3494 1021
3495 1025
3496 1030
3497 1031
3498 1033
3499 1031
3500 1029
3501 1026
3502 1022
3503 1021
3504 1016
3505 1010
3506 1007
3507 1000
3508 997
3509 994
3510 990
3511 990
3512 989
3513 984
3514 976
3515 970
3516 962
3517 956
3518 953
3519 951
3520 945
3521 941
3522 936
3523 929
3524 926
3525 921
3526 919
3527 916
3528 912
3529 910
3530 905
3531 901
3532 898
3533 895
3534 896
3535 897
3536 899
3537 897
3538 893
3539 892
3540 887
3541 890
3542 891
3543 901
3544 912
3545 918
3546 927
3547 931
3548 933
3549 935
3550 936
3551 940
3552 945
3553 950
3554 952
3555 954
3556 954
3557 950
3558 946
3559 940
3560 933
3561 923
3562 912
3563 899
3564 885
3565 874
3566 868
3567 865
3568 865
3569 870
3570 875
3571 874
3572 871
3573 870
3574 867
3575 866
3576 866
3577 868
3578 869
3579 868
3580 868
3581 869
3582 871
3583 872
3584 873
3585 875
3586 875
3587 871
3588 866
3589 860
3590 853
3591 850
3592 856
3593 868
3594 892
3595 925
3596 968
3597 1020
3598 1089
3599 1163
3600 1250
3601 1326
3602 1377
3603 1393
3604 1366
3605 1308
3606 1228
3607 1137
3608 1044
3609 962
3610 895
3611 839
3612 794
3613 759
3614 741
3615 740
3616 754
3617 780
3618 809
3619 828
3620 836
3621 831
3622 821
3623 810
3624 805
3625 804
3626 804
3627 806
3628 806
3629 806
3630 803
3631 801
3632 800
3633 801
3634 800
3635 800
3636 798
3637 795
3638 793
3639 792
3640 793
3641 796
3642 798
3643 798
3644 799
3645 798
3646 795
3647 793
3648 793
3649 798
3650 803
3651 809
3652 815
3653 820
3654 823
3655 826
3656 831
3657 835
3658 841
3659 848
3660 854
3661 858
3662 863
3663 870
3664 876
3665 885
3666 897
3667 907
3668 917
3669 926
3670 931
3671 933
3672 939
3673 944
3674 953
3675 962
3676 972
3677 981
3678 990
3679 996
3680 1003
3681 1014
3682 1023
3683 1031
3684 1037
3685 1039
3686 1041
3687 1045
3688 1049
3689 1052
3690 1056
3691 1059
3692 1061
3693 1062
3694 1061
3695 1059
3696 1055
3697 1050
3698 1047
3699 1046
3700 1045
3701 1045
3702 1042
3703 1038
3704 1031
3705 1027
3706 1021
3707 1017
3708 1013
3709 1010
3710 1004
3711 999
3712 996
3713 993
3714 988
3715 984
3716 978
3717 975
3718 972
3719 965
3720 958
3721 950
3722 943
3723 939
3724 935
3725 931
3726 927
3727 925
3728 920
3729 912
3730 909
3731 907
3732 906
3733 905
3734 902
3735 901
3736 897
3737 896
3738 892
3739 889
3740 890
3741 892
3742 897
3743 903
3744 905
3745 911
3746 916
3747 921
3748 929
3749 935
3750 945
3751 952
3752 957
3753 960
3754 961
3755 962
3756 964
3757 965
3758 964
3759 964
3760 960
3761 950
3762 939
3763 923
3764 910
3765 898
3766 891
3767 887
3768 883
3769 884
3770 881
3771 879
3772 880
3773 879
3774 885
3775 883
3776 886
3777 885
3778 881
3779 881
3780 881
3781 878
3782 877
3783 882
3784 884
3785 887
3786 889
3787 887
3788 883
3789 882
3790 879
3791 877
3792 874
3793 869
3794 868
3795 867
3796 880
3797 896
3798 931
3799 978
3800 1035
3801 1107
3802 1183
3803 1261
3804 1328
3805 1375
3806 1382
3807 1349
3808 1287
3809 1208
3810 1122
3811 1034
3812 956
3813 894
3814 845
3815 801
3816 765
3817 737
3818 726
3819 734
3820 752
3821 777
3822 801
3823 815
3824 826
3825 831
3826 827
3827 823
3828 813
3829 808
3830 805
3831 803
3832 806
3833 807
3834 810
3835 810
3836 808
3837 805
3838 803
3839 798
3840 796
3841 794
3842 793
3843 796
3844 798
3845 797
3846 799
3847 799
3848 799
3849 800
3850 802
3851 799
3852 802
3853 804
3854 804
3855 806
3856 809
3857 812
3858 818
3859 824
3860 831
3861 832
3862 835
3863 839
3864 842
3865 849
3866 855
3867 864
3868 870
3869 876
3870 880
3871 888
3872 891
3873 899
3874 912
3875 919
3876 925
3877 930
3878 937
3879 939
3880 948
3881 955
3882 964
3883 976
3884 984
3885 991
3886 996
3887 998
3888 1002
3889 1008
3890 1016
3891 1019
3892 1026
3893 1031
3894 1031
3895 1032
3896 1033
3897 1035
3898 1034
3899 1034
3900 1036
3901 1035
3902 1032
3903 1031
3904 1029
3905 1028
3906 1024
3907 1024
3908 1021
3909 1016
3910 1015
3911 1007
3912 1002
3913 994
3914 988
3915 986
3916 984
3917 983
3918 981
3919 977
3920 973
3921 965
3922 956
3923 949
3924 943
3925 939
3926 938
3927 935
3928 930
3929 926
3930 920
3931 915
3932 913
3933 911
3934 910
3935 910
3936 906
3937 902
3938 896
3939 895
3940 894
3941 896
3942 900
3943 903
3944 906
3945 906
3946 905
3947 909
3948 912
3949 918
3950 925
3951 933
3952 941
3953 947
3954 952
3955 952
3956 956
3957 959
3958 962
3959 965
3960 964
3961 960
3962 952
3963 944
3964 934
3965 924
3966 916
3967 906
3968 899
3969 890
3970 881
3971 874
3972 872
3973 867
3974 869
3975 873
3976 875
3977 875
3978 877
3979 876
3980 877
3981 875
3982 873
3983 873
3984 874
3985 872
3986 872
3987 874
3988 875
3989 874
3990 877
3991 877
3992 879
3993 877
3994 870
3995 864
3996 859
3997 862
3998 878
3999 910
4000 954
4001 1010
4002 1072
4003 1142
4004 1217
4005 1293
4006 1355
4007 1395
4008 1399
4009 1361
4010 1294
4011 1206
4012 1108
4013 1013
4014 927
4015 853
4016 795
4017 754
4018 735
4019 737
4020 755
4021 780
4022 804
4023 824
4024 835
4025 834
4026 829
4027 819
4028 814
4029 808
4030 806
4031 807
4032 808
4033 807
4034 805
4035 802
4036 800
4037 801
4038 801
4039 802
4040 802
4041 799
4042 794
4043 792
4044 790
4045 788
4046 789
4047 789
4048 790
4049 792
4050 793
4051 795
4052 795
4053 797
4054 800
4055 803
4056 804
4057 803
4058 805
4059 808
4060 814
4061 816
4062 824
4063 832
4064 841
4065 848
4066 850
4067 856
4068 862
4069 865
4070 877
4071 890
4072 895
4073 905
4074 911
4075 919
4076 924
4077 930
4078 936
4079 951
4080 960
4081 970
4082 979
4083 987
4084 993
4085 1001
4086 1013
4087 1019
4088 1028
4089 1032
4090 1032
4091 1032
4092 1032
4093 1039
4094 1040
4095 1045
4096 1048
4097 1050
4098 1050
4099 1048
4100 1047
4101 1044
4102 1038
4103 1036
4104 1034
4105 1026
4106 1022
4107 1020
4108 1016
4109 1012
4110 1014
4111 1012
4112 1010
4113 1002
4114 996
4115 990
4116 982
4117 973
4118 971
4119 966
4120 963
4121 960
4122 956
4123 951
4124 946
4125 939
4126 936
4127 933
4128 931
4129 929
4130 926
4131 924
4132 920
4133 917
4134 921
4135 918
4136 921
4137 914
4138 911
4139 910
4140 908
4141 906
4142 914
4143 923
4144 932
4145 944
4146 952
4147 958
4148 959
4149 960
4150 962
4151 962
4152 965
4153 965
4154 967
4155 966
4156 962
4157 957
4158 950
4159 940
4160 929
4161 917
4162 905
4163 894
4164 884
4165 879
4166 879
4167 881
4168 885
4169 884
4170 885
4171 887
4172 888
4173 886
4174 888
4175 887
4176 888
4177 889
4178 886
4179 886
4180 886
4181 884
4182 888
4183 893
4184 894
4185 894
4186 890
4187 886
4188 880
4189 878
4190 883
4191 899
4192 927
4193 967
4194 1018
4195 1073
4196 1133
4197 1201
4198 1276
4199 1337
4200 1379
4201 1380
4202 1333
4203 1256
4204 1164
4205 1065
4206 979
4207 904
4208 845
4209 800
4210 770
4211 752
4212 748
4213 759
4214 779
4215 806
4216 827
4217 843
4218 853
4219 848
4220 842
4221 832
4222 826
4223 824
4224 821
4225 819
4226 817
4227 817
4228 813
4229 813
4230 815
4231 815
4232 817
4233 815
4234 813
4235 810
4236 805
4237 802
4238 802
4239 804
4240 807
4241 811
4242 811
4243 810
4244 810
4245 810
4246 811
4247 813
4248 816
4249 818
4250 822
4251 827
4252 828
4253 830
4254 832
4255 835
4256 844
4257 850
4258 857
4259 864
4260 868
4261 876
4262 880
4263 889
4264 896
4265 906
4266 914
4267 921
4268 927
4269 931
4270 934
4271 940
4272 946
4273 956
4274 965
4275 974
4276 984
4277 992
4278 1002
4279 1008
4280 1012
4281 1018
4282 1023
4283 1027
4284 1032
4285 1035
4286 1037
4287 1040
4288 1043
4289 1047
4290 1046
4291 1049
4292 1050
4293 1051
4294 1048
4295 1045
4296 1043
4297 1040
4298 1038
4299 1037
4300 1037
4301 1037
4302 1033
4303 1029
4304 1024
4305 1017
4306 1011
4307 1004
4308 1000
4309 996
4310 989
4311 987
4312 982
4313 975
4314 970
4315 964
4316 964
4317 958
4318 950
4319 945
4320 935
4321 927
4322 920
4323 920
4324 916
4325 914
4326 912
4327 909
4328 906
4329 899
4330 893
4331 892
4332 893
4333 891
4334 891
4335 890
4336 887
4337 884
4338 888
4339 890
4340 894
4341 896
4342 900
4343 906
4344 912
4345 919
4346 925
4347 937
4348 943
4349 951
4350 955
4351 956
4352 957
4353 957
4354 956
4355 956
4356 953
4357 950
4358 939
4359 929
4360 913
4361 898
4362 887
4363 885
4364 883
4365 883
4366 886
4367 885
4368 886
4369 883
4370 880
4371 880
4372 879
4373 876
4374 876
4375 875
4376 876
4377 876
4378 876
4379 877
4380 879
4381 881
4382 881
4383 880
4384 881
4385 882
4386 882
4387 882
4388 878
4389 877
4390 871
4391 873
4392 884
4393 909
4394 951
4395 1013
4396 1085
4397 1170
4398 1250
4399 1329
4400 1384
4401 1403
4402 1379
4403 1319
4404 1233
4405 1133
4406 1029
4407 932
4408 851
4409 783
4410 739
4411 717
4412 720
4413 737
4414 762
4415 788
4416 804
4417 816
4418 820
4419 820
4420 817
4421 814
4422 810
4423 804
4424 802
4425 801
4426 800
4427 802
4428 801
4429 800
4430 800
4431 796
4432 797
4433 794
4434 796
4435 797
4436 797
4437 797
4438 797
4439 795
4440 796
4441 795
4442 796
4443 801
4444 805
4445 808
4446 809
4447 812
4448 815
4449 815
4450 819
4451 823
4452 829
4453 833
4454 837
4455 842
4456 844
4457 852
4458 860
4459 873
4460 880
4461 885
4462 890
4463 895
4464 901
4465 906
4466 915
4467 925
4468 933
4469 938
4470 946
4471 953
4472 961
4473 970
4474 977
4475 985
4476 990
4477 992
4478 996
4479 1003
4480 1012
4481 1019
4482 1026
4483 1032
4484 1033
4485 1032
4486 1031
4487 1028
4488 1027
4489 1027
4490 1028
4491 1029
4492 1028
4493 1023
4494 1023
4495 1019
4496 1018
4497 1016
4498 1011
4499 1005
4500 996
4501 988
4502 982
4503 980
4504 971
4505 970
4506 968
4507 965
4508 957
4509 948
4510 941
4511 935
4512 930
4513 926
4514 923
4515 917
4516 912
4517 910
4518 909
4519 909
4520 907
4521 906
4522 907
4523 904
4524 900
4525 895
4526 894
4527 895
4528 893
4529 894
4530 900
4531 903
4532 903
4533 906
4534 907
4535 913
4536 920
4537 927
4538 938
4539 942
4540 947
4541 951
4542 953
4543 957
4544 963
4545 963
4546 962
4547 956
4548 947
4549 934
4550 922
4551 910
4552 899
4553 894
4554 891
4555 882
4556 878
4557 874
4558 870
4559 869
4560 870
4561 868
4562 869
4563 868
4564 867
4565 866
4566 866
4567 870
4568 871
4569 876
4570 874
4571 872
4572 868
4573 865
4574 863
4575 861
4576 864
4577 865
4578 867
4579 865
4580 863
4581 861
4582 864
4583 880
4584 913
4585 957
4586 1013
4587 1077
4588 1147
4589 1221
4590 1296
4591 1359
4592 1389
4593 1384
4594 1338
4595 1262
4596 1168
4597 1068
4598 967
4599 884
4600 814
4601 761
4602 729
4603 718
4604 724
4605 747
4606 776
4607 803
4608 820
4609 828
4610 824
4611 819
4612 810
4613 805
4614 800
4615 801
4616 803
4617 804
4618 803
4619 805
4620 801
4621 797
4622 790
4623 786
4624 785
4625 787
4626 789
4627 791
4628 790
4629 790
4630 785
4631 781
4632 782
4633 780
4634 780
4635 782
4636 785
4637 784
4638 785
4639 787
4640 789
4641 792
4642 795
4643 798
4644 799
4645 801
4646 802
4647 804
4648 806
4649 815
4650 822
4651 830
4652 836
4653 842
4654 846
4655 851
4656 856
4657 864
4658 872
4659 880
4660 888
4661 896
4662 899
4663 910
4664 916
4665 924
4666 937
4667 945
4668 954
4669 961
4670 968
4671 978
4672 985
4673 994
4674 1002
4675 1012
4676 1020
4677 1025
4678 1027
4679 1030
4680 1031
4681 1034
4682 1036
4683 1039
4684 1040
4685 1039
4686 1039
4687 1037
4688 1034
4689 1032
4690 1031
4691 1029
4692 1026
4693 1024
4694 1018
4695 1012
4696 1008
4697 1004
4698 1000
4699 999
4700 996
4701 990
4702 984
4703 975
4704 968
4705 961
4706 957
4707 954
4708 950
4709 944
4710 938
4711 934
4712 931
4713 928
4714 927
4715 923
4716 920
4717 916
4718 914
4719 909
4720 908
4721 908
4722 912
4723 913
4724 914
4725 912
4726 913
4727 912
4728 915
4729 920
4730 926
4731 936
4732 943
4733 945
4734 952
4735 954
4736 958
4737 964
4738 967
4739 966
4740 961
4741 954
4742 944
4743 933
4744 923
4745 913
4746 905
4747 897
4748 891
4749 884
4750 876
4751 876
4752 876
4753 878
4754 879
4755 880
4756 881
4757 876
4758 877
4759 874
4760 875
4761 876
4762 879
4763 879
4764 877
4765 875
4766 873
4767 874
4768 876
4769 878
4770 876
4771 876
4772 875
4773 871
4774 867
4775 870
4776 885
4777 919
4778 965
4779 1033
4780 1112
4781 1205
4782 1297
4783 1370
4784 1409
4785 1409
4786 1365
4787 1292
4788 1203
4789 1104
4790 1018
4791 942
4792 877
4793 821
4794 783
4795 766
4796 767
4797 785
4798 810
4799 833
4800 846
4801 848
4802 841
4803 834
4804 822
4805 816
4806 815
4807 816
4808 820
4809 820
4810 818
4811 814
4812 809
4813 806
4814 803
4815 803
4816 803
4817 803
4818 803
4819 803
4820 799
4821 797
4822 797
4823 796
4824 795
4825 792
4826 791
4827 793
4828 794
4829 793
4830 797
4831 801
4832 804
4833 807
4834 811
4835 813
4836 817
4837 821
4838 827
4839 832
4840 834
4841 843
4842 850
4843 856
4844 867
4845 879
4846 887
4847 898
4848 905
4849 911
4850 918
4851 926
4852 937
4853 948
4854 959
4855 970
4856 976
4857 985
4858 994
4859 999
4860 1007
4861 1016
4862 1024
4863 1030
4864 1035
4865 1041
4866 1044
4867 1047
4868 1052
4869 1054
4870 1057
4871 1057
4872 1059
4873 1057
4874 1055
4875 1052
4876 1050
4877 1051
4878 1052
4879 1051
4880 1050
4881 1045
4882 1042
4883 1037
4884 1029
4885 1025
4886 1024
4887 1021
4888 1020
4889 1017
4890 1014
4891 1008
4892 1004
4893 1001
4894 996
4895 991
4896 983
4897 975
4898 966
4899 960
4900 955
4901 954
4902 952
4903 950
4904 949
4905 942
4906 939
4907 936
4908 932
4909 931
4910 934
4911 934
4912 932
4913 932
4914 931
4915 935
4916 939
4917 943
4918 950
4919 956
4920 962
4921 965
4922 968
4923 970
4924 973
4925 980
4926 986
4927 989
4928 989
4929 988
4930 984
4931 976
4932 967
4933 956
4934 944
4935 932
4936 921
4937 910
4938 901
4939 896
4940 894
4941 901
4942 903
4943 903
4944 902
4945 900
4946 895
4947 894
4948 893
4949 894
4950 895
4951 897
4952 900
4953 901
4954 901
4955 898
4956 898
4957 894
4958 895
4959 899
4960 901
4961 899
4962 900
4963 897
4964 894
4965 894
4966 898
4967 910
4968 940
4969 981
4970 1037
4971 1104
4972 1185
4973 1267
4974 1342
4975 1396
4976 1411
4977 1384
4978 1322
4979 1242
4980 1154
4981 1067
4982 996
4983 937
4984 893
4985 853
4986 820
4987 792
4988 780
4989 785
4990 804
4991 826
4992 845
4993 859
4994 862
4995 860
4996 851
4997 845
4998 843
4999 846
5000 847
5001 847
5002 849
5003 846
5004 843
5005 839
5006 838
5007 837
5008 836
5009 837
5010 839
5011 836
5012 835
5013 834
5014 831
5015 833
5016 832
5017 835
5018 834
5019 833
5020 832
5021 831
5022 830
5023 835
5024 840
5025 848
5026 851
5027 854
5028 857
5029 859
5030 861
5031 868
5032 874
5033 883
5034 888
5035 890
5036 895
5037 898
5038 903
5039 911
5040 922
5041 929
5042 936
5043 945
5044 951
5045 959
5046 969
5047 978
5048 989
5049 997
5050 1004
5051 1010
5052 1012
5053 1016
5054 1021
5055 1030
5056 1037
5057 1047
5058 1056
5059 1059
5060 1064
5061 1064
5062 1063
5063 1062
5064 1064
5065 1065
5066 1063
5067 1059
5068 1058
5069 1056
5070 1056
5071 1057
5072 1056
5073 1055
5074 1052
5075 1043
5076 1038
5077 1031
5078 1023
5079 1020
5080 1015
5081 1011
5082 1006
5083 1000
5084 1000
5085 994
5086 989
5087 985
5088 980
5089 976
5090 973
5091 966
5092 959
5093 952
5094 945
5095 942
5096 938
5097 930
5098 925
5099 919
5100 915
5101 910
5102 908
5103 905
5104 907
5105 907
5106 907
5107 908
5108 908
5109 907
5110 906
5111 905
5112 905
5113 905
5114 908
5115 912
5116 921
5117 932
5118 940
5119 951
5120 955
5121 960
5122 962
5123 959
5124 963
5125 968
5126 972
5127 974
5128 973
5129 969
5130 957
5131 949
5132 933
5133 919
5134 909
5135 903
5136 896
5137 892
5138 891
5139 888
5140 889
5141 893
5142 895
5143 895
5144 894
5145 892
5146 888
5147 885
5148 882
5149 884
5150 890
5151 892
5152 894
5153 895
5154 895
5155 894
5156 892
5157 892
5158 893
5159 893
5160 890
5161 887
5162 881
5163 882
5164 902
5165 935
5166 985
5167 1050
5168 1132
5169 1220
5170 1306
5171 1379
5172 1421
5173 1418
5174 1368
5175 1292
5176 1200
5177 1108
5178 1018
5179 938
5180 867
5181 807
5182 761
5183 735
5184 729
5185 743
5186 764
5187 791
5188 814
5189 830
5190 839
5191 837
5192 831
5193 826
5194 820
5195 817
5196 815
5197 816
5198 814
5199 818
5200 817
5201 816
5202 813
5203 814
5204 812
5205 811
5206 813
5207 815
5208 813
5209 810
5210 808
5211 805
5212 804
5213 806
5214 812
5215 816
5216 820
5217 822
5218 823
5219 822
5220 822
5221 824
5222 827
5223 836
5224 841
5225 846
5226 849
5227 851
5228 855
5229 858
5230 863
5231 871
5232 875
5233 882
5234 883
5235 888
5236 895
5237 901
5238 908
5239 916
5240 923
5241 931
5242 938
5243 943
5244 946
5245 951
5246 958
5247 966
5248 975
5249 984
5250 990
5251 996
5252 1003
5253 1008
5254 1013
5255 1018
5256 1024
5257 1028
5258 1031
5259 1029
5260 1029
5261 1033
5262 1036
5263 1037
5264 1041
5265 1043
5266 1040
5267 1037
5268 1032
5269 1027
5270 1026
5271 1019
5272 1017
5273 1014
5274 1014
5275 1009
5276 1004
5277 997
5278 992
5279 986
5280 981
5281 980
5282 973
5283 969
5284 963
5285 959
5286 952
5287 952
5288 948
5289 945
5290 941
5291 936
5292 927
5293 919
5294 912
5295 910
5296 907
5297 911
5298 909
5299 910
5300 910
5301 907
5302 907
5303 904
5304 902
5305 903
5306 903
5307 900
5308 900
5309 902
5310 903
5311 909
5312 916
5313 925
5314 931
5315 936
5316 941
5317 945
5318 948
5319 954
5320 959
5321 967
5322 970
5323 973
5324 974
5325 972
5326 967
5327 961
5328 957
5329 949
5330 941
5331 931
5332 917
5333 906
5334 899
5335 890
5336 889
5337 885
5338 885
5339 887
5340 885
5341 883
5342 882
5343 879
5344 881
5345 880
5346 884
5347 888
5348 887
5349 888
5350 887
5351 884
5352 879
5353 878
5354 877
5355 879
5356 881
5357 884
5358 882
5359 882
5360 876
5361 872
5362 869
5363 865
5364 871
5365 887
5366 913
5367 952
5368 1003
5369 1066
5370 1139
5371 1218
5372 1298
5373 1363
5374 1397
5375 1388
5376 1337
5377 1261
5378 1167
5379 1072
5380 987
5381 914
5382 854
5383 804
5384 761
5385 731
5386 721
5387 731
5388 754
5389 783
5390 808
5391 826
5392 833
5393 832
5394 824
5395 819
5396 815
5397 814
5398 814
5399 812
5400 811
5401 806
5402 803
5403 802
5404 800
5405 802
5406 804
5407 804
5408 803
5409 802
5410 799
5411 796
5412 793
5413 793
5414 795
5415 796
5416 795
5417 795
5418 796
5419 798
5420 799
5421 803
5422 805
5423 807
5424 811
5425 811
5426 811
5427 816
5428 819
5429 824
5430 830
5431 834
5432 840
5433 847
5434 850
5435 852
5436 858
5437 867
5438 874
5439 883
5440 892
5441 901
5442 907
5443 914
5444 923
5445 932
5446 939
5447 948
5448 954
5449 959
5450 961
5451 970
5452 977
5453 987
5454 999
5455 1010
5456 1018
5457 1024
5458 1027
5459 1029
5460 1032
5461 1037
5462 1041
5463 1042
5464 1048
5465 1049
5466 1050
5467 1048
5468 1046
5469 1046
5470 1043
5471 1039
5472 1038
5473 1035
5474 1031
5475 1029
5476 1025
5477 1021
5478 1021
5479 1016
5480 1013
5481 1004
5482 996
5483 991
5484 984
5485 979
5486 978
5487 974
5488 970
5489 966
5490 959
5491 954
5492 949
5493 946
5494 941
5495 937
5496 932
5497 929
5498 922
5499 914
5500 915
5501 919
5502 921
5503 922
5504 925
5505 921
5506 918
5507 914
5508 914
5509 917
5510 923
5511 928
5512 936
5513 941
5514 949
5515 953
5516 959
5517 962
5518 967
5519 973
5520 977
5521 978
5522 977
5523 975
5524 973
5525 970
5526 965
5527 959
5528 947
5529 935
5530 922
5531 910
5532 902
5533 895
5534 893
5535 895
5536 893
5537 893
5538 895
5539 896
5540 895
5541 893
5542 895
5543 895
5544 895
5545 895
5546 891
5547 889
5548 889
5549 890
5550 893
5551 897
5552 904
5553 905
5554 904
5555 899
5556 894
5557 890
5558 886
5559 881
5560 883
5561 894
5562 912
5563 946
5564 993
5565 1056
5566 1131
5567 1215
5568 1297
5569 1368
5570 1411
5571 1416
5572 1383
5573 1326
5574 1256
5575 1180
5576 1104
5577 1029
5578 955
5579 887
5580 826
5581 780
5582 757
5583 759
5584 781
5585 810
5586 836
5587 855
5588 861
5589 856
5590 848
5591 840
5592 835
5593 831
5594 830
5595 829
5596 829
5597 830
5598 829
5599 829
5600 828
5601 828
5602 827
5603 824
5604 821
5605 816
5606 814
5607 810
5608 811
5609 812
5610 813
5611 815
5612 813
5613 812
5614 813
5615 810
5616 808
5617 810
5618 813
5619 814
5620 815
5621 819
5622 822
5623 824
5624 830
5625 833
5626 839
5627 838
5628 844
5629 848
5630 851
5631 858
5632 868
5633 876
5634 889
5635 900
5636 907
5637 914
5638 922
5639 931
5640 940
5641 947
5642 954
5643 960
5644 968
5645 975
5646 985
5647 993
5648 1003
5649 1016
5650 1024
5651 1031
5652 1035
5653 1041
5654 1045
5655 1050
5656 1057
5657 1063
5658 1070
5659 1074
5660 1080
5661 1079
5662 1074
5663 1075
5664 1072
5665 1069
5666 1070
5667 1068
5668 1066
5669 1063
5670 1058
5671 1056
5672 1050
5673 1050
5674 1048
5675 1043
5676 1034
5677 1030
5678 1027
5679 1022
5680 1020
5681 1018
5682 1015
5683 1015
5684 1012
5685 1004
5686 998
5687 989
5688 983
5689 977
5690 971
5691 969
5692 965
5693 961
5694 960
5695 955
5696 951
5697 943
5698 942
5699 942
5700 940
5701 936
5702 933
5703 930
5704 930
5705 929
5706 929
5707 932
5708 934
5709 938
5710 943
5711 948
5712 952
5713 957
5714 960
5715 966
5716 972
5717 977
5718 982
5719 987
5720 987
5721 993
5722 994
5723 994
5724 993
5725 990
5726 984
5727 974
5728 961
5729 949
5730 938
5731 926
5732 919
5733 918
5734 917
5735 912
5736 909
5737 906
5738 905
5739 904
5740 906
5741 905
5742 909
5743 910
5744 909
5745 906
5746 902
5747 901
5748 903
5749 901
5750 904
5751 903
5752 905
5753 903
5754 904
5755 905
5756 904
5757 906
5758 900
5759 897
5760 893
5761 893
5762 900
5763 920
5764 957
5765 1008
5766 1070
5767 1138
5768 1219
5769 1298
5770 1362
5771 1393
5772 1378
5773 1321
5774 1235
5775 1134
5776 1035
5777 947
5778 875
5779 824
5780 785
5781 760
5782 750
5783 759
5784 775
5785 798
5786 819
5787 831
5788 840
5789 842
5790 842
5791 838
5792 833
5793 830
5794 828
5795 826
5796 826
5797 825
5798 823
5799 820
5800 819
5801 817
5802 816
5803 815
5804 815
5805 816
5806 817
5807 817
5808 815
5809 815
5810 813
5811 815
5812 817
5813 817
5814 821
5815 825
5816 828
5817 831
5818 835
5819 838
5820 841
5821 844
5822 849
5823 852
5824 855
5825 858
5826 862
5827 871
5828 878
5829 888
5830 894
5831 900
5832 906
5833 908
5834 915
5835 924
5836 934
5837 944
5838 953
5839 959
5840 964
5841 970
5842 975
5843 982
5844 990
5845 999
5846 1004
5847 1012
5848 1019
5849 1025
5850 1033
5851 1035
5852 1042
5853 1048
5854 1050
5855 1048
5856 1047
5857 1047
5858 1043
5859 1044
5860 1043
5861 1043
5862 1040
5863 1036
5864 1032
5865 1028
5866 1023
5867 1019
5868 1014
5869 1010
5870 1002
5871 993
5872 988
5873 984
5874 982
5875 980
5876 977
5877 974
5878 968
5879 961
5880 954
5881 947
5882 939
5883 936
5884 930
5885 927
5886 921
5887 918
5888 913
5889 911
5890 910
5891 908
5892 903
5893 899
5894 896
5895 894
5896 898
5897 901
5898 906
5899 909
5900 910
5901 903
5902 901
5903 901
5904 904
5905 909
5906 916
5907 924
5908 931
5909 939
5910 946
5911 953
5912 961
5913 966
5914 969
5915 972
5916 972
5917 968
5918 964
5919 957
5920 951
5921 939
5922 929
5923 919
5924 909
5925 901
5926 896
5927 897
5928 895
5929 892
5930 890
5931 888
5932 887
5933 887
5934 888
5935 891
5936 894
5937 895
5938 895
5939 895
5940 895
5941 896
5942 895
5943 894
5944 895
5945 895
5946 894
5947 894
5948 892
5949 888
5950 890
5951 887
5952 888
5953 896
5954 917
5955 950
5956 1002
5957 1064
5958 1140
5959 1223
5960 1303
5961 1369
5962 1412
5963 1421
5964 1393
5965 1329
5966 1246
5967 1152
5968 1057
5969 969
5970 892
5971 827
5972 774
5973 744
5974 738
5975 750
5976 772
5977 797
5978 817
5979 829
5980 835
5981 833
5982 830
5983 826
5984 824
5985 822
5986 821
5987 820
5988 816
5989 814
5990 814
5991 810
5992 810
5993 814
5994 812
5995 812
5996 810
5997 807
5998 806
5999 805
6000 806
6001 806
6002 806
6003 803
6004 803
6005 802
6006 805
6007 808
6008 811
6009 820
6010 823
6011 822
6012 823
6013 823
6014 822
6015 827
6016 833
6017 839
6018 847
6019 851
6020 857
6021 860
6022 865
6023 874
6024 881
6025 888
6026 894
6027 898
6028 901
6029 906
6030 913
6031 921
6032 931
6033 939
6034 949
6035 957
6036 962
6037 965
6038 971
6039 977
6040 986
6041 995
6042 1003
6043 1013
6044 1020
6045 1025
6046 1028
6047 1032
6048 1037
6049 1042
6050 1045
6051 1044
6052 1044
6053 1044
6054 1041
6055 1043
6056 1044
6057 1047
6058 1049
6059 1044
6060 1039
6061 1031
6062 1027
6063 1023
6064 1018
6065 1017
6066 1014
6067 1010
6068 1008
6069 1001
6070 993
6071 989
6072 982
6073 979
6074 975
6075 970
6076 964
6077 959
6078 953
6079 949
6080 946
6081 943
6082 940
6083 933
6084 928
6085 925
6086 922
6087 920
6088 920
6089 925
6090 927
6091 926
6092 926
6093 923
6094 920
6095 921
6096 922
6097 928
6098 932
6099 938
6100 944
6101 951
6102 952
6103 958
6104 964
6105 969
6106 975
6107 980
6108 982
6109 979
6110 978
6111 977
6112 974
6113 968
6114 958
6115 945
6116 932
6117 916
6118 904
6119 898
6120 897
6121 897
6122 896
6123 895
6124 892
6125 893
6126 891
6127 893
6128 895
6129 897
6130 897
6131 896
6132 892
6133 890
6134 890
6135 889
6136 891
6137 895
6138 897
6139 899
6140 897
6141 895
6142 892
6143 887
6144 887
6145 884
6146 885
6147 898
6148 925
6149 963
6150 1015
6151 1075
6152 1149
6153 1228
6154 1305
6155 1371
6156 1406
6157 1401
6158 1357
6159 1284
6160 1197
6161 1099
6162 1005
6163 922
6164 851
6165 791
6166 755
6167 741
6168 749
6169 771
6170 801
6171 826
6172 844
6173 850
6174 849
6175 842
6176 836
6177 833
6178 833
6179 830
6180 828
6181 827
6182 826
6183 825
6184 825
6185 827
6186 826
6187 826
6188 825
6189 820
6190 818
6191 816
6192 816
6193 815
6194 816
6195 813
6196 811
6197 811
6198 812
6199 816
6200 817
6201 822
6202 822
6203 824
6204 821
6205 822
6206 822
6207 827
6208 832
6209 837
6210 845
6211 854
6212 857
6213 866
6214 874
6215 880
6216 888
6217 895
6218 898
6219 903
6220 910
6221 920
6222 930
6223 941
6224 950
6225 961
6226 970
6227 977
6228 987
6229 992
6230 998
6231 1007
6232 1019
6233 1026
6234 1032
6235 1041
6236 1044
6237 1050
6238 1054
6239 1057
6240 1063
6241 1064
6242 1065
6243 1062
6244 1063
6245 1063
6246 1063
6247 1063
6248 1061
6249 1059
6250 1052
6251 1048
6252 1042
6253 1040
6254 1037
6255 1034
6256 1032
6257 1029
6258 1022
6259 1017
6260 1014
6261 1008
6262 1005
6263 997
6264 994
6265 987
6266 979
6267 971
6268 965
6269 962
6270 961
6271 959
6272 958
6273 952
6274 947
6275 941
6276 936
6277 932
6278 930
6279 931
6280 925
6281 925
6282 927
6283 927
6284 928
6285 931
6286 936
6287 937
6288 939
6289 939
6290 944
6291 947
6292 952
6293 958
6294 966
6295 970
6296 976
6297 981
6298 984
6299 986
6300 986
6301 987
6302 984
6303 981
6304 973
6305 965
6306 952
6307 940
6308 928
6309 919
6310 914
6311 908
6312 909
6313 904
6314 904
6315 902
6316 903
6317 903
6318 906
6319 908
6320 908
6321 907
6322 907
6323 905
6324 904
6325 905
6326 907
6327 906
6328 907
6329 907
6330 905
6331 905
6332 908
6333 908
6334 907
6335 906
6336 902
6337 904
6338 912
6339 932
6340 969
6341 1024
6342 1087
6343 1163
6344 1239
6345 1315
6346 1374
6347 1398
6348 1378
6349 1317
6350 1233
6351 1135
6352 1035
6353 953
6354 888
6355 845
6356 815
6357 798
6358 797
6359 804
6360 820
6361 841
6362 858
6363 866
6364 870
6365 866
6366 861
6367 856
6368 853
6369 850
6370 849
6371 848
6372 847
6373 846
6374 847
6375 840
6376 839
6377 840
6378 839
6379 842
6380 844
6381 845
6382 845
6383 842
6384 839
6385 836
6386 835
6387 834
6388 835
6389 838
6390 838
6391 844
6392 849
6393 852
6394 858
6395 862
6396 865
6397 870
6398 870
6399 873
6400 877
6401 882
6402 891
6403 899
6404 910
6405 919
6406 925
6407 932
6408 937
6409 944
6410 950
6411 958
6412 965
6413 976
6414 979
6415 986
6416 991
6417 997
6418 1004
6419 1013
6420 1022
6421 1030
6422 1036
6423 1042
6424 1044
6425 1054
6426 1057
6427 1066
6428 1070
6429 1076
6430 1078
6431 1078
6432 1076
6433 1074
6434 1072
6435 1071
6436 1071
6437 1071
6438 1068
6439 1065
6440 1064
6441 1059
6442 1052
6443 1048
6444 1047
6445 1044
6446 1039
6447 1031
6448 1026
6449 1019
6450 1012
6451 1008
6452 1007
6453 1005
6454 1001
6455 998
6456 991
6457 984
6458 976
6459 970
6460 966
6461 964
6462 962
6463 956
6464 952
6465 947
6466 943
6467 941
6468 937
6469 935
6470 931
6471 927
6472 924
6473 923
6474 920
6475 922
6476 923
6477 925
6478 927
6479 924
6480 924
6481 919
6482 920
6483 920
6484 926
6485 935
6486 943
6487 953
6488 962
6489 967
6490 970
6491 976
6492 981
6493 982
6494 986
6495 984
6496 984
6497 979
6498 977
6499 975
6500 969
6501 961
6502 953
6503 943
6504 930
6505 919
6506 912
6507 909
6508 909
6509 911
6510 913
6511 914
6512 915
6513 913
6514 911
6515 910
6516 910
6517 910
6518 908
6519 909
6520 910
6521 908
6522 909
6523 914
6524 915
6525 919
6526 919
6527 919
6528 917
6529 915
6530 914
6531 911
6532 912
6533 914
6534 928
6535 950
6536 989
6537 1036
6538 1096
6539 1164
6540 1234
6541 1303
6542 1353
6543 1377
6544 1365
6545 1318
6546 1255
6547 1184
6548 1114
6549 1042
6550 973
6551 910
6552 852
6553 806
6554 773
6555 763
6556 770
6557 792
6558 815
6559 834
6560 849
6561 854
6562 854
6563 844
6564 841
6565 837
6566 835
6567 834
6568 834
6569 835
6570 834
6571 834
6572 833
6573 832
6574 831
6575 828
6576 825
6577 820
6578 820
6579 819
6580 820
6581 825
6582 827
6583 829
6584 832
6585 832
6586 832
6587 829
6588 830
6589 831
6590 833
6591 837
6592 841
6593 844
6594 848
6595 853
6596 859
6597 865
6598 868
6599 869
6600 877
6601 877
6602 882
6603 883
6604 890
6605 900
6606 908
6607 917
6608 922
6609 929
6610 936
6611 941
6612 948
6613 956
6614 963
6615 972
6616 976
6617 982
6618 987
6619 992
6620 999
6621 1006
6622 1013
6623 1021
6624 1025
6625 1033
6626 1035
6627 1038
6628 1039
6629 1044
6630 1049
6631 1051
6632 1053
6633 1052
6634 1050
6635 1048
6636 1047
6637 1046
6638 1043
6639 1043
6640 1039
6641 1037
6642 1035
6643 1031
6644 1026
6645 1021
6646 1016
6647 1013
6648 1009
6649 1005
6650 995
6651 988
6652 981
6653 974
6654 975
6655 974
6656 972
6657 969
6658 964
6659 958
6660 951
6661 946
6662 941
6663 937
6664 933
6665 932
6666 927
6667 923
6668 924
6669 923
6670 923
6671 923
6672 921
6673 922
6674 922
6675 917
6676 917
6677 918
6678 919
6679 919
6680 927
6681 932
6682 939
6683 943
6684 949
6685 954
6686 959
6687 963
6688 966
6689 974
6690 979
6691 981
6692 983
6693 986
6694 987
6695 986
6696 982
6697 978
6698 970
6699 956
6700 943
6701 932
6702 924
6703 918
6704 917
6705 916
6706 916
6707 913
6708 912
6709 910
6710 908
6711 905
6712 904
6713 906
6714 906
6715 908
6716 911
6717 909
6718 908
6719 909
6720 911
6721 911
6722 910
6723 909
6724 909
6725 909
6726 909
6727 907
6728 907
6729 909
6730 907
6731 907
6732 910
6733 921
6734 947
6735 989
6736 1041
6737 1106
6738 1177
6739 1250
6740 1322
6741 1377
6742 1410
6743 1406
6744 1363
6745 1294
6746 1208
6747 1115
6748 1021
6749 941
6750 872
6751 821
6752 783
6753 768
6754 772
6755 792
6756 814
6757 836
6758 852
6759 859
6760 859
6761 855
6762 851
6763 845
6764 841
6765 838
6766 838
6767 837
6768 837
6769 836
6770 838
6771 836
6772 835
6773 834
6774 832
6775 831
6776 831
6777 832
6778 833
6779 833
6780 832
6781 831
6782 828
6783 825
6784 824
6785 825
6786 828
6787 833
6788 838
6789 838
6790 839
6791 840
6792 842
6793 844
6794 847
6795 854
6796 857
6797 862
6798 865
6799 870
6800 874
6801 880
6802 890
6803 893
6804 901
6805 906
6806 911
6807 915
6808 921
6809 930
6810 941
6811 951
6812 962
6813 970
6814 979
6815 985
6816 989
6817 994
6818 1001
6819 1008
6820 1017
6821 1023
6822 1032
6823 1038
6824 1041
6825 1050
6826 1059
6827 1067
6828 1071
6829 1074
6830 1077
6831 1075
6832 1073
6833 1075
6834 1075
6835 1077
6836 1080
6837 1078
6838 1075
6839 1072
6840 1066
6841 1057
6842 1054
6843 1048
6844 1048
6845 1044
6846 1042
6847 1035
6848 1033
6849 1026
6850 1023
6851 1021
6852 1018
6853 1012
6854 1008
6855 1000
6856 993
6857 987
6858 982
6859 977
6860 977
6861 977
6862 975
6863 970
6864 964
6865 958
6866 950
6867 946
6868 945
6869 945
6870 946
6871 945
6872 944
6873 944
6874 944
6875 942
6876 942
6877 940
6878 940
6879 942
6880 944
6881 947
6882 952
6883 960
6884 971
6885 979
6886 987
6887 993
6888 995
6889 998
6890 996
6891 996
6892 998
6893 1000
6894 1002
6895 1001
6896 999
6897 990
6898 980
6899 967
6900 956
6901 947
6902 938
6903 930
6904 924
6905 920
6906 917
6907 915
6908 917
6909 920
6910 921
6911 922
6912 920
6913 919
6914 916
6915 912
6916 911
6917 914
6918 919
6919 920
6920 924
6921 924
6922 924
6923 923
6924 920
6925 919
6926 918
6927 918
6928 916
6929 916
6930 912
6931 912
6932 922
6933 942
6934 977
6935 1026
6936 1083
6937 1150
6938 1221
6939 1296
6940 1365
6941 1414
6942 1426
6943 1395
6944 1333
6945 1245
6946 1143
6947 1042
6948 950
6949 874
6950 816
6951 781
6952 767
6953 777
6954 799
6955 825
6956 855
6957 870
6958 881
6959 880
6960 873
6961 864
6962 855
6963 850
6964 847
6965 847
6966 850
6967 855
6968 855
6969 854
6970 851
6971 844
6972 841
6973 840
6974 837
6975 838
6976 838
6977 836
6978 835
6979 835
6980 834
6981 837
6982 838
6983 839
6984 838
6985 837
6986 838
6987 837
6988 841
6989 846
6990 852
6991 858
6992 862
6993 863
6994 867
6995 867
6996 875
6997 880
6998 887
6999 894
7000 900
7001 907
7002 911
7003 919
7004 926
7005 933
7006 944
7007 953
7008 959
7009 965
7010 972
7011 978
7012 989
7013 997
7014 1007
7015 1017
7016 1024
7017 1031
7018 1037
7019 1042
7020 1048
7021 1055
7022 1063
7023 1068
7024 1072
7025 1078
7026 1080
7027 1082
7028 1085
7029 1086
7030 1087
7031 1087
7032 1085
7033 1081
7034 1077
7035 1071
7036 1066
7037 1067
7038 1067
7039 1067
7040 1066
7041 1062
7042 1055
7043 1048
7044 1039
7045 1035
7046 1027
7047 1021
7048 1018
7049 1016
7050 1010
7051 1005
7052 1001
7053 999
7054 999
7055 998
7056 993
7057 989
7058 982
7059 975
7060 968
7061 964
7062 959
7063 956
7064 956
7065 952
7066 947
7067 943
7068 939
7069 936
7070 939
7071 939
7072 941
7073 942
7074 942
7075 945
7076 949
7077 953
7078 962
7079 969
7080 977
7081 980
7082 984
7083 985
7084 989
7085 991
7086 997
7087 1001
7088 1003
7089 1003
7090 1000
7091 992
7092 984
7093 978
7094 964
7095 953
7096 942
7097 932
7098 925
7099 923
7100 924
7101 927
7102 932
7103 934
7104 933
7105 932
7106 928
7107 924
7108 922
7109 922
7110 927
7111 931
7112 935
7113 935
7114 936
7115 933
7116 933
7117 931
7118 933
7119 932
7120 932
7121 932
7122 931
7123 928
7124 926
7125 934
7126 951
7127 981
7128 1024
7129 1079
7130 1144
7131 1219
7132 1298
7133 1368
7134 1417
7135 1428
7136 1396
7137 1326
7138 1237
7139 1139
7140 1044
7141 964
7142 899
7143 853
7144 816
7145 794
7146 789
7147 796
7148 817
7149 841
7150 867
7151 883
7152 887
7153 886
7154 874
7155 863
7156 859
7157 859
7158 860
7159 863
7160 866
7161 866
7162 864
7163 858
7164 853
7165 852
7166 846
7167 848
7168 849
7169 851
7170 851
7171 852
7172 851
7173 850
7174 850
7175 849
7176 849
7177 848
7178 847
7179 848
7180 847
7181 851
7182 856
7183 861
7184 866
7185 872
7186 876
7187 875
7188 880
7189 883
7190 889
7191 890
7192 895
7193 905
7194 909
7195 920
7196 926
7197 929
7198 939
7199 946
7200 955
7201 964
7202 970
7203 975
7204 979
7205 985
7206 993
7207 1003
7208 1013
7209 1021
7210 1030
7211 1034
7212 1038
7213 1043
7214 1050
7215 1055
7216 1063
7217 1072
7218 1077
7219 1082
7220 1084
7221 1084
7222 1086
7223 1086
7224 1085
7225 1086
7226 1088
7227 1086
7228 1085
7229 1083
7230 1080
7231 1078
7232 1076
7233 1073
7234 1071
7235 1068
7236 1061
7237 1052
7238 1044
7239 1038
7240 1031
7241 1031
7242 1031
7243 1028
7244 1022
7245 1014
7246 1009
7247 1003
7248 998
7249 993
7250 990
7251 984
7252 979
7253 977
7254 974
7255 972
7256 970
7257 965
7258 960
7259 955
7260 948
7261 940
7262 933
7263 929
7264 927
7265 926
7266 928
7267 927
7268 930
7269 930
7270 931
7271 931
7272 928
7273 934
7274 936
7275 941
7276 945
7277 951
7278 958
7279 966
7280 973
7281 979
7282 987
7283 992
7284 994
7285 996
7286 996
7287 997
7288 999
7289 1000
7290 999
7291 995
7292 985
7293 974
7294 959
7295 944
7296 935
7297 928
7298 922
7299 921
7300 918
7301 920
7302 921
7303 920
7304 918
7305 924
7306 924
7307 927
7308 922
7309 918
7310 919
7311 916
7312 918
7313 920
7314 922
7315 923
7316 924
7317 924
7318 922
7319 922
7320 919
7321 916
7322 910
7323 910
7324 915
7325 932
7326 971
7327 1021
7328 1081
7329 1154
7330 1234
7331 1315
7332 1380
7333 1416
7334 1406
7335 1355
7336 1272
7337 1172
7338 1066
7339 974
7340 903
7341 845
7342 799
7343 769
7344 759
7345 764
7346 785
7347 810
7348 835
7349 853
7350 862
7351 863
7352 860
7353 854
7354 847
7355 842
7356 838
7357 836
7358 838
7359 839
7360 839
7361 838
7362 837
7363 834
7364 833
7365 832
7366 834
7367 836
7368 834
7369 837
7370 832
7371 829
7372 827
7373 826
7374 828
7375 832
7376 836
7377 839
7378 838
7379 842
7380 846
7381 851
7382 853
7383 857
7384 859
7385 861
7386 867
7387 873
7388 883
7389 892
7390 898
7391 904
7392 909
7393 913
7394 920
7395 928
7396 935
7397 946
7398 956
7399 963
7400 971
7401 977
7402 986
7403 995
7404 1003
7405 1011
7406 1018
7407 1024
7408 1030
7409 1035
7410 1043
7411 1051
7412 1058
7413 1063
7414 1067
7415 1066
7416 1065
7417 1065
7418 1064
7419 1066
7420 1067
7421 1068
7422 1066
7423 1060
7424 1058
7425 1055
7426 1051
7427 1051
7428 1047
7429 1042
7430 1035
7431 1028
7432 1019
7433 1015
7434 1010
7435 1009
7436 1010
7437 1007
7438 1000
7439 991
7440 983
7441 975
7442 972
7443 969
7444 962
7445 959
7446 956
7447 952
7448 948
7449 946
7450 945
7451 945
7452 943
7453 940
7454 937
7455 933
7456 932
7457 934
7458 936
7459 936
7460 937
7461 941
7462 942
7463 947
7464 953
7465 961
7466 969
7467 976
7468 979
7469 985
7470 988
7471 990
7472 994
7473 997
7474 1002
7475 1005
7476 1004
7477 998
7478 986
7479 974
7480 961
7481 949
7482 938
7483 931
7484 926
7485 922
7486 919
7487 917
7488 915
7489 913
7490 916
7491 914
7492 915
7493 914
7494 913
7495 912
7496 913
7497 913
7498 914
7499 914
7500 915
7501 915
7502 911
7503 912
7504 911
7505 911
7506 916
7507 916
7508 916
7509 912
7510 910
7511 906
7512 907
7513 924
7514 954
7515 1002
7516 1061
7517 1132
7518 1214
7519 1296
7520 1372
7521 1423
7522 1436
7523 1408
7524 1346
7525 1266
7526 1177
7527 1086
7528 999
7529 921
7530 859
7531 806
7532 777
7533 767
7534 777
7535 799
7536 825
7537 850
7538 864
7539 869
7540 868
7541 857
7542 847
7543 840
7544 835
7545 838
7546 842
7547 845
7548 845
7549 844
7550 838
7551 831
7552 828
7553 827
7554 830
7555 830
7556 835
7557 832
7558 830
7559 829
7560 826
7561 824
7562 825
7563 824
7564 825
7565 827
7566 826
7567 826
7568 831
7569 830
7570 836
7571 839
7572 845
7573 845
7574 847
7575 849
7576 851
7577 858
7578 865
7579 872
7580 881
7581 888
7582 893
7583 901
7584 903
7585 908
7586 915
7587 924
7588 933
7589 943
7590 950
7591 959
7592 968
7593 977
7594 985
7595 997
7596 1002
7597 1011
7598 1019
7599 1024
7600 1027
7601 1035
7602 1045
7603 1051
7604 1061
7605 1067
7606 1071
7607 1074
7608 1074
7609 1074
7610 1075
7611 1077
7612 1079
7613 1080
7614 1078
7615 1077
7616 1074
7617 1074
7618 1073
7619 1072
7620 1071
7621 1066
7622 1060
7623 1053
7624 1046
7625 1041
7626 1035
7627 1033
7628 1032
7629 1029
7630 1024
7631 1016
7632 1010
7633 1003
7634 997
7635 993
7636 989
7637 984
7638 982
7639 982
7640 974
7641 968
7642 962
7643 958
7644 955
7645 956
7646 953
7647 950
7648 947
7649 942
7650 940
7651 942
7652 944
7653 946
7654 945
7655 944
7656 945
7657 943
7658 946
7659 950
7660 958
7661 969
7662 979
7663 986
7664 994
7665 999
7666 1002
7667 1006
7668 1008
7669 1007
7670 1007
7671 1004
7672 996
7673 992
7674 986
7675 979
7676 964
7677 947
7678 935
7679 922
7680 916
7681 914
7682 916
7683 918
7684 921
7685 921
7686 921
7687 920
7688 918
7689 916
7690 916
7691 918
7692 921
7693 922
7694 920
7695 920
7696 919
7697 922
7698 924
7699 924
7700 927
7701 927
7702 922
7703 920
7704 917
7705 924
7706 941
7707 973
7708 1018
7709 1071
7710 1133
7711 1200
7712 1272
7713 1344
7714 1398
7715 1417
7716 1390
7717 1325
7718 1237
7719 1135
7720 1035
7721 952
7722 885
7723 836
7724 803
7725 784
7726 781
7727 788
7728 807
7729 832
7730 854
7731 870
7732 876
7733 873
7734 868
7735 865
7736 861
7737 860
7738 860
7739 860
7740 857
7741 854
7742 850
7743 847
7744 843
7745 846
7746 847
7747 850
7748 849
7749 847
7750 844
7751 842
7752 840
7753 841
7754 842
7755 843
7756 842
7757 843
7758 842
7759 841
7760 845
7761 849
7762 857
7763 861
7764 868
7765 871
7766 871
7767 873
7768 873
7769 878
7770 886
7771 893
7772 901
7773 907
7774 911
7775 917
7776 925
7777 932
7778 942
7779 948
7780 956
7781 963
7782 966
7783 974
7784 982
7785 993
7786 1003
7787 1013
7788 1021
7789 1027
7790 1033
7791 1036
7792 1042
7793 1049
7794 1058
7795 1064
7796 1071
7797 1075
7798 1078
7799 1077
7800 1076
7801 1076
7802 1078
7803 1080
7804 1081
7805 1081
7806 1079
7807 1076
7808 1073
7809 1073
7810 1070
7811 1071
7812 1069
7813 1064
7814 1057
7815 1052
7816 1045
7817 1037
7818 1037
7819 1032
7820 1030
7821 1022
7822 1016
7823 1010
7824 1006
7825 1002
7826 998
7827 993
7828 987
7829 981
7830 974
7831 964
7832 961
7833 960
7834 958
7835 956
7836 951
7837 946
7838 940
7839 934
7840 928
7841 925
7842 927
7843 927
7844 928
7845 930
7846 930
7847 928
7848 925
7849 924
7850 924
7851 927
7852 929
7853 934
7854 942
7855 946
7856 952
7857 960
7858 966
7859 974
7860 978
7861 980
7862 984
7863 986
7864 988
7865 991
7866 991
7867 994
7868 993
7869 991
7870 982
7871 971
7872 957
7873 943
7874 933
7875 928
7876 923
7877 922
7878 920
7879 918
7880 916
7881 916
7882 918
7883 919
7884 917
7885 918
7886 917
7887 911
7888 913
7889 913
7890 913
7891 917
7892 919
7893 923
7894 926
7895 926
7896 922
7897 918
7898 914
7899 912
7900 909
7901 906
7902 903
7903 903
7904 910
7905 928
7906 962
7907 1013
7908 1072
7909 1138
7910 1206
7911 1275
7912 1340
7913 1392
7914 1419
7915 1410
7916 1372
7917 1305
7918 1222
7919 1127
7920 1036
7921 952
7922 877
7923 819
7924 776
7925 752
7926 753
7927 770
7928 797
7929 823
7930 842
7931 854
7932 860
7933 859
7934 853
7935 849
7936 841
7937 837
7938 833
7939 832
7940 835
7941 838
7942 839
7943 838
7944 833
7945 831
7946 829
7947 828
7948 827
7949 828
7950 831
7951 831
7952 831
7953 831
7954 828
7955 828
7956 826
7957 828
7958 831
7959 833
7960 835
7961 836
7962 838
7963 838
7964 839
7965 845
7966 848
7967 857
7968 860
7969 864
7970 866
7971 869
7972 871
7973 875
7974 882
7975 890
7976 898
7977 907
7978 915
7979 919
7980 927
7981 934
7982 937
7983 943
7984 948
7985 955
7986 964
7987 970
7988 979
7989 990
7990 999
7991 1009
7992 1016
7993 1021
7994 1023
7995 1027
7996 1028
7997 1036
7998 1043
7999 1051
8000 1056
8001 1059
8002 1056
8003 1055
8004 1055
8005 1055
8006 1054
8007 1055
8008 1056
8009 1053
8010 1050
8011 1046
8012 1042
8013 1041
8014 1037
8015 1036
8016 1032
8017 1029
8018 1022
8019 1014
8020 1005
8021 1001
8022 997
8023 995
8024 992
8025 989
8026 983
8027 978
8028 968
8029 961
8030 956
8031 952
8032 947
8033 942
8034 939
8035 935
8036 931
8037 933
8038 933
8039 934
8040 931
8041 932
8042 928
8043 923
8044 923
8045 922
8046 924
8047 926
8048 932
8049 935
8050 941
8051 946
8052 952
8053 958
8054 966
8055 972
8056 976
8057 979
8058 982
8059 988
8060 994
8061 998
8062 999
8063 996
8064 988
8065 974
8066 960
8067 945
8068 932
8069 924
8070 918
8071 915
8072 910
8073 909
8074 905
8075 904
8076 907
8077 907
8078 909
8079 906
8080 904
8081 902
8082 902
8083 902
8084 904
8085 908
8086 910
8087 909
8088 908
8089 905
8090 902
8091 903
8092 904
8093 901
8094 897
8095 892
8096 889
8097 891
8098 907
8099 934
8100 981
8101 1040
8102 1109
8103 1188
8104 1273
8105 1349
8106 1401
8107 1412
8108 1379
8109 1316
8110 1234
8111 1144
8112 1054
8113 979
8114 910
8115 851
8116 801
8117 767
8118 751
8119 758
8120 779
8121 808
8122 832
8123 852
8124 858
8125 855
8126 846
8127 837
8128 827
8129 821
8130 822
8131 823
8132 824
8133 828
8134 828
8135 827
8136 822
8137 817
8138 815
8139 814
8140 815
8141 812
8142 811
8143 812
8144 811
8145 809
8146 810
8147 810
8148 811
8149 811
8150 811
8151 809
8152 809
8153 809
8154 812
8155 816
8156 820
8157 826
8158 830
8159 833
8160 835
8161 836
8162 838
8163 844
8164 851
8165 856
8166 864
8167 869
8168 873
8169 880
8170 886
8171 894
8172 902
8173 909
8174 919
8175 924
8176 931
8177 939
8178 949
8179 960
8180 970
8181 982
8182 990
8183 995
8184 999
8185 1004
8186 1010
8187 1015
8188 1023
8189 1030
8190 1036
8191 1039
8192 1041
8193 1046
8194 1050
8195 1051
8196 1054
8197 1053
8198 1053
8199 1050
8200 1045
8201 1042
8202 1041
8203 1042
8204 1042
8205 1041
8206 1036
8207 1033
8208 1027
8209 1018
8210 1013
8211 1010
8212 1005
8213 1001
8214 998
8215 995
8216 989
8217 984
8218 981
8219 977
8220 973
8221 968
8222 963
8223 956
8224 953
8225 947
8226 943
8227 937
8228 937
8229 940
8230 939
8231 938
8232 937
8233 932
8234 927
8235 923
8236 922
8237 921
8238 921
8239 922
8240 922
8241 928
8242 929
8243 934
8244 942
8245 946
8246 952
8247 960
8248 963
8249 963
8250 965
8251 968
8252 972
8253 980
8254 984
8255 986
8256 980
8257 976
8258 964
8259 952
8260 939
8261 927
8262 920
8263 914
8264 909
8265 903
8266 900
8267 898
8268 896
8269 896
8270 899
8271 899
8272 896
8273 895
8274 894
8275 895
8276 898
8277 904
8278 906
8279 905
8280 906
8281 904
8282 903
8283 901
8284 900
8285 901
8286 899
8287 900
8288 895
8289 894
8290 888
8291 889
8292 899
8293 923
8294 959
8295 1007
8296 1059
8297 1126
8298 1202
8299 1285
8300 1359
8301 1408
8302 1422
8303 1392
8304 1330
8305 1246
8306 1153
8307 1062
8308 981
8309 914
8310 858
8311 815
8312 786
8313 773
8314 777
8315 795
8316 818
8317 842
8318 859
8319 865
8320 861
8321 852
8322 844
8323 837
8324 833
8325 835
8326 837
8327 840
8328 839
8329 835
8330 830
8331 825
8332 820
8333 818
8334 820
8335 824
8336 824
8337 822
8338 820
8339 820
8340 817
8341 816
8342 816
8343 816
8344 814
8345 813
8346 811
8347 812
8348 812
8349 818
8350 822
8351 825
8352 829
8353 830
8354 830
8355 829
8356 834
8357 840
8358 846
8359 854
8360 862
8361 868
8362 875
8363 881
8364 887
8365 894
8366 902
8367 909
8368 919
8369 927
8370 935
8371 944
8372 955
8373 965
8374 975
8375 986
8376 995
8377 1003
8378 1007
8379 1013
8380 1015
8381 1021
8382 1029
8383 1038
8384 1044
8385 1052
8386 1058
8387 1061
8388 1062
8389 1067
8390 1070
8391 1071
8392 1072
8393 1070
8394 1069
8395 1063
8396 1060
8397 1062
8398 1061
8399 1063
8400 1059
8401 1057
8402 1051
8403 1042
8404 1036
8405 1031
8406 1031
8407 1027
8408 1027
8409 1019
8410 1014
8411 1011
8412 1004
8413 999
8414 993
8415 988
8416 982
8417 976
8418 972
8419 967
8420 965
8421 964
8422 962
8423 962
8424 959
8425 951
8426 947
8427 941
8428 938
8429 936
8430 937
8431 938
8432 939
8433 938
8434 937
8435 941
8436 945
8437 952
8438 957
8439 962
8440 965
8441 970
8442 973
8443 976
8444 979
8445 986
8446 991
8447 997
8448 1000
8449 995
8450 992
8451 982
8452 974
8453 963
8454 956
8455 944
8456 935
8457 928
8458 918
8459 913
8460 911
8461 909
8462 911
8463 911
8464 911
8465 910
8466 909
8467 908
8468 908
8469 909
8470 910
8471 914
8472 915
8473 912
8474 912
8475 909
8476 908
8477 908
8478 910
8479 913
8480 916
8481 917
8482 917
8483 912
8484 905
8485 902
8486 898
8487 904
8488 919
8489 948
8490 992
8491 1043
8492 1110
8493 1185
8494 1264
8495 1340
8496 1400
8497 1432
8498 1430
8499 1394
8500 1326
8501 1251
8502 1173
8503 1094
8504 1016
8505 949
8506 886
8507 835
8508 797
8509 782
8510 786
8511 807
8512 836
8513 859
8514 874
8515 876
8516 870
8517 861
8518 858
8519 851
8520 850
8521 851
8522 851
8523 850
8524 847
8525 841
8526 839
8527 837
8528 838
8529 837
8530 842
8531 840
8532 837
8533 832
8534 830
8535 825
8536 824
8537 823
8538 823
8539 825
8540 829
8541 830
8542 830
8543 830
8544 827
8545 828
8546 828
8547 831
8548 832
8549 834
8550 836
8551 841
8552 845
8553 853
8554 860
8555 866
8556 872
8557 873
8558 879
8559 883
8560 889
8561 896
8562 906
8563 916
8564 924
8565 935
8566 940
8567 950
8568 960
8569 970
8570 978
8571 988
8572 997
8573 1002
8574 1010
8575 1017
8576 1024
8577 1034
8578 1043
8579 1055
8580 1064
8581 1068
8582 1075
8583 1072
8584 1073
8585 1076
8586 1079
8587 1083
8588 1084
8589 1092
8590 1093
8591 1094
8592 1092
8593 1088
8594 1087
8595 1082
8596 1081
8597 1076
8598 1073
8599 1072
8600 1068
8601 1064
8602 1061
8603 1056
8604 1052
8605 1049
8606 1043
8607 1035
8608 1030
8609 1024
8610 1022
8611 1024
8612 1023
8613 1023
8614 1020
8615 1014
8616 1008
8617 999
8618 991
8619 983
8620 977
8621 977
8622 974
8623 970
8624 963
8625 960
8626 954
8627 951
8628 948
8629 948
8630 950
8631 951
8632 951
8633 948
8634 944
8635 942
8636 939
8637 943
8638 950
8639 956
8640 963
8641 969
8642 973
8643 979
8644 984
8645 991
8646 998
8647 1004
8648 1008
8649 1012
8650 1012
8651 1011
8652 1009
8653 1006
8654 1003
8655 993
8656 983
8657 970
8658 959
8659 947
8660 939
8661 935
8662 935
8663 934
8664 934
8665 933
8666 932
8667 928
8668 926
8669 925
8670 924
8671 930
8672 931
8673 933
8674 933
8675 932
8676 932
8677 931
8678 930
8679 931
8680 932
8681 931
8682 934
8683 934
8684 934
8685 930
8686 930
8687 931
8688 931
8689 929
8690 935
8691 955
8692 991
8693 1036
8694 1099
8695 1176
8696 1255
8697 1335
8698 1400
8699 1436
8700 1429
8701 1379
8702 1302
8703 1217
8704 1126
8705 1038
8706 962
8707 894
8708 841
8709 799
8710 775
8711 770
8712 783
8713 802
8714 831
8715 855
8716 871
8717 876
8718 875
8719 872
8720 867
8721 866
8722 866
8723 866
8724 863
8725 861
8726 856
8727 852
8728 849
8729 846
8730 848
8731 851
8732 851
8733 852
8734 850
8735 849
8736 847
8737 848
8738 848
8739 850
8740 850
8741 847
8742 850
8743 849
8744 851
8745 855
8746 858
8747 860
8748 861
8749 864
8750 863
8751 869
8752 874
8753 878
8754 883
8755 892
8756 897
8757 902
8758 907
8759 912
8760 921
8761 925
8762 932
8763 937
8764 943
8765 946
8766 955
8767 959
8768 971
8769 980
8770 989
8771 999
8772 1006
8773 1013
8774 1019
8775 1023
8776 1031
8777 1035
8778 1040
8779 1045
8780 1050
8781 1057
8782 1064
8783 1067
8784 1073
8785 1074
8786 1081
8787 1081
8788 1080
8789 1078
8790 1077
8791 1075
8792 1075
8793 1075
8794 1073
8795 1072
8796 1068
8797 1057
8798 1051
8799 1046
8800 1043
8801 1042
8802 1042
8803 1040
8804 1034
8805 1028
8806 1021
8807 1018
8808 1011
8809 1008
8810 1003
8811 998
8812 992
8813 984
8814 976
8815 967
8816 966
8817 964
8818 964
8819 961
8820 957
8821 953
8822 946
8823 943
8824 942
8825 940
8826 937
8827 938
8828 938
8829 938
8830 937
8831 938
8832 939
8833 941
8834 940
8835 938
8836 937
8837 933
8838 936
8839 941
8840 948
8841 957
8842 967
8843 972
8844 978
8845 982
8846 985
8847 993
8848 999
8849 1004
8850 1006
8851 1007
8852 1006
8853 1002
8854 997
8855 990
8856 979
8857 966
8858 952
8859 942
8860 933
8861 927
8862 926
8863 926
8864 928
8865 933
8866 930
8867 927
8868 925
8869 926
8870 923
8871 922
8872 924
8873 926
8874 925
8875 927
8876 925
8877 924
8878 925
8879 925
8880 926
8881 930
8882 932
8883 932
8884 926
8885 921
8886 910
8887 906
8888 907
8889 921
8890 947
8891 984
8892 1032
8893 1089
8894 1152
8895 1221
8896 1297
8897 1365
8898 1413
8899 1425
8900 1393
8901 1329
8902 1239
8903 1142
8904 1045
8905 961
8906 892
8907 832
8908 783
8909 754
8910 746
8911 760
8912 783
8913 811
8914 839
8915 858
8916 865
8917 863
8918 858
8919 852
8920 846
8921 845
8922 842
8923 844
8924 847
8925 845
8926 843
8927 842
8928 841
8929 839
8930 835
8931 835
8932 834
8933 830
8934 830
8935 827
8936 828
8937 831
8938 832
8939 834
8940 835
8941 833
8942 833
8943 830
8944 831
8945 832
8946 835
8947 837
8948 839
8949 842
8950 845
8951 846
8952 852
8953 856
8954 861
8955 868
8956 870
8957 871
8958 875
8959 880
8960 887
8961 893
8962 901
8963 911
8964 915
8965 916
8966 923
8967 924
8968 929
8969 937
8970 946
8971 956
8972 965
8973 972
8974 978
8975 985
8976 994
8977 1001
8978 1009
8979 1016
8980 1022
8981 1026
8982 1029
8983 1035
8984 1041
8985 1044
8986 1049
8987 1055
8988 1057
8989 1058
8990 1057
8991 1052
8992 1052
8993 1050
8994 1048
8995 1049
8996 1048
8997 1046
8998 1042
8999 1039
9000 1033
9001 1029
9002 1024
9003 1017
9004 1011
9005 1006
9006 1001
9007 994
9008 989
9009 986
9010 984
9011 983
9012 979
9013 976
9014 969
9015 958
9016 951
9017 950
9018 946
9019 945
9020 941
9021 940
9022 937
9023 933
9024 931
9025 927
9026 928
9027 930
9028 927
9029 927
9030 925
9031 921
9032 923
9033 927
9034 933
9035 942
9036 949
9037 956
9038 960
9039 963
9040 968
9041 967
9042 973
9043 981
9044 988
9045 994
9046 994
9047 992
9048 990
9049 981
9050 975
9051 966
9052 955
9053 940
9054 928
9055 919
9056 912
9057 907
9058 907
9059 904
9060 909
9061 908
9062 907
9063 902
9064 898
9065 897
9066 897
9067 899
9068 901
9069 905
9070 906
9071 904
9072 901
9073 901
9074 899
9075 902
9076 904
9077 906
9078 905
9079 904
9080 903
9081 900
9082 898
9083 897
9084 899
9085 904
9086 920
9087 950
9088 995
9089 1058
9090 1137
9091 1221
9092 1308
9093 1381
9094 1431
9095 1446
9096 1423
9097 1367
9098 1292
9099 1203
9100 1110
9101 1022
9102 943
9103 875
9104 818
9105 777
9106 760
9107 768
9108 789
9109 819
9110 845
9111 860
9112 861
9113 857
9114 846
9115 840
9116 836
9117 836
9118 839
9119 840
9120 838
9121 836
9122 831
9123 826
9124 824
9125 821
9126 819
9127 815
9128 815
9129 814
9130 818
9131 818
9132 818
9133 816
9134 816
9135 811
9136 811
9137 808
9138 810
9139 812
9140 817
9141 821
9142 822
9143 824
9144 826
9145 826
9146 832
9147 836
9148 840
9149 844
9150 848
9151 853
9152 857
9153 869
9154 876
9155 886
9156 894
9157 902
9158 907
9159 914
9160 922
9161 931
9162 940
9163 952
9164 960
9165 969
9166 976
9167 985
9168 994
9169 1004
9170 1011
9171 1020
9172 1024
9173 1031
9174 1039
9175 1043
9176 1049
9177 1056
9178 1061
9179 1065
9180 1065
9181 1062
9182 1060
9183 1056
9184 1055
9185 1056
9186 1059
9187 1058
9188 1056
9189 1054
9190 1049
9191 1047
9192 1044
9193 1039
9194 1036
9195 1032
9196 1026
9197 1020
9198 1012
9199 1009
9200 1006
9201 1004
9202 1004
9203 1003
9204 998
9205 993
9206 985
9207 976
9208 971
9209 967
9210 965
9211 963
9212 959
9213 955
9214 952
9215 950
9216 948
9217 945
9218 943
9219 941
9220 939
9221 937
9222 935
9223 934
9224 936
9225 939
9226 946
9227 954
9228 958
9229 962
9230 968
9231 972
9232 977
9233 981
9234 984
9235 987
9236 990
9237 993
9238 994
9239 994
9240 992
9241 989
9242 981
9243 968
9244 951
9245 935
9246 921
9247 915
9248 912
9249 909
9250 908
9251 908
9252 905
9253 904
9254 901
9255 901
9256 903
9257 904
9258 904
9259 904
9260 905
9261 905
9262 908
9263 911
9264 914
9265 917
9266 914
9267 912
9268 908
9269 902
9270 897
9271 896
9272 894
9273 893
9274 897
9275 906
9276 925
9277 959
9278 1010
9279 1072
9280 1150
9281 1240
9282 1328
9283 1393
9284 1420
9285 1400
9286 1345
9287 1265
9288 1167
9289 1068
9290 979
9291 908
9292 855
9293 814
9294 790
9295 784
9296 794
9297 817
9298 843
9299 866
9300 876
9301 879
9302 872
9303 867
9304 858
9305 856
9306 854
9307 851
9308 854
9309 856
9310 855
9311 859
9312 859
9313 859
9314 858
9315 854
9316 850
9317 847
9318 846
9319 846
9320 848
9321 850
9322 850
9323 849
9324 849
9325 848
9326 848
9327 852
9328 855
9329 856
9330 856
9331 858
9332 860
9333 863
9334 871
9335 877
9336 884
9337 888
9338 892
9339 896
9340 899
9341 905
9342 912
9343 922
9344 931
9345 939
9346 946
9347 949
9348 951
9349 957
9350 962
9351 972
9352 984
9353 994
9354 1003
9355 1013
9356 1026
9357 1034
9358 1045
9359 1052
9360 1060
9361 1061
9362 1066
9363 1064
9364 1066
9365 1069
9366 1077
9367 1079
9368 1081
9369 1085
9370 1087
9371 1085
9372 1084
9373 1086
9374 1084
9375 1080
9376 1075
9377 1072
9378 1065
9379 1059
9380 1057
9381 1056
9382 1056
9383 1055
9384 1054
9385 1050
9386 1042
9387 1033
9388 1028
9389 1019
9390 1017
9391 1016
9392 1011
9393 1007
9394 1003
9395 996
9396 989
9397 984
9398 980
9399 977
9400 973
9401 967
9402 960
9403 953
9404 948
9405 943
9406 942
9407 943
9408 943
9409 942
9410 940
9411 936
9412 935
9413 933
9414 933
9415 929
9416 930
9417 929
9418 933
9419 935
9420 940
9421 948
9422 953
9423 959
9424 964
9425 967
9426 972
9427 979
9428 988
9429 996
9430 1001
9431 1007
9432 1008
9433 1010
9434 1003
9435 998
9436 988
9437 980
9438 967
9439 956
9440 947
9441 940
9442 932
9443 928
9444 923
9445 922
9446 922
9447 921
9448 923
9449 921
9450 921
9451 921
9452 921
9453 922
9454 923
9455 924
9456 929
9457 931
9458 931
9459 930
9460 928
9461 926
9462 926
9463 927
9464 928
9465 928
9466 929
9467 926
9468 922
9469 916
9470 913
9471 916
9472 933
9473 966
9474 1017
9475 1075
9476 1144
9477 1222
9478 1300
9479 1369
9480 1416
9481 1425
9482 1390
9483 1324
9484 1246
9485 1167
9486 1090
9487 1020
9488 964
9489 914
9490 867
9491 823
9492 782
9493 764
9494 768
9495 786
9496 813
9497 838
9498 857
9499 869
9500 869
9501 865
9502 857
9503 853
9504 851
9505 852
9506 854
9507 855
9508 852
9509 847
9510 843
9511 840
9512 840
9513 838
9514 842
9515 841
9516 842
9517 841
9518 840
9519 840
9520 840
9521 838
9522 839
9523 841
9524 840
9525 843
9526 847
9527 851
9528 857
9529 863
9530 866
9531 869
9532 866
9533 865
9534 867
9535 868
9536 877
9537 884
9538 895
9539 902
9540 908
9541 910
9542 911
9543 919
9544 921
9545 928
9546 934
9547 943
9548 949
9549 953
9550 959
9551 963
9552 973
9553 980
9554 989
9555 994
9556 1005
9557 1009
9558 1014
9559 1019
9560 1026
9561 1036
9562 1044
9563 1052
9564 1058
9565 1058
9566 1059
9567 1060
9568 1062
9569 1063
9570 1065
9571 1068
9572 1071
9573 1067
9574 1068
9575 1063
9576 1061
9577 1057
9578 1053
9579 1050
9580 1047
9581 1043
9582 1037
9583 1032
9584 1030
9585 1026
9586 1023
9587 1018
9588 1015
9589 1006
9590 998
9591 991
9592 985
9593 982
9594 979
9595 978
9596 976
9597 971
9598 965
9599 961
9600 956
9601 950
9602 945
9603 941
9604 940
9605 937
9606 935
9607 934
9608 934
9609 934
9610 935
9611 938
9612 940
9613 939
9614 935
9615 932
9616 929
9617 928
9618 929
9619 934
9620 942
9621 951
9622 960
9623 969
9624 975
9625 979
9626 984
9627 988
9628 990
9629 994
9630 995
9631 996
9632 994
9633 996
9634 998
9635 995
9636 991
9637 981
9638 967
9639 953
9640 938
9641 929
9642 920
9643 918
9644 918
9645 921
9646 921
9647 921
9648 920
9649 918
9650 914
9651 914
9652 916
9653 916
9654 916
9655 917
9656 916
9657 913
9658 915
9659 915
9660 918
9661 921
9662 919
9663 917
9664 914
9665 909
9666 907
9667 906
9668 904
9669 902
9670 905
9671 915
9672 935
9673 968
9674 1009
9675 1058
9676 1109
9677 1162
9678 1223
9679 1286
9680 1349
9681 1396
9682 1411
9683 1384
9684 1326
9685 1244
9686 1149
9687 1054
9688 968
9689 893
9690 831
9691 784
9692 756
9693 753
9694 770
9695 799
9696 826
9697 845
9698 857
9699 860
9700 854
9701 851
9702 841
9703 835
9704 835
9705 834
9706 836
9707 835
9708 836
9709 834
9710 833
9711 829
9712 829
9713 822
9714 822
9715 819
9716 822
9717 823
9718 824
9719 828
9720 827
9721 825
9722 822
9723 819
9724 819
9725 818
9726 820
9727 823
9728 828
9729 829
9730 831
9731 831
9732 836
9733 841
9734 846
9735 851
9736 853
9737 854
9738 856
9739 862
9740 868
9741 874
9742 883
9743 889
9744 896
9745 901
9746 905
9747 908
9748 911
9749 919
9750 927
9751 939
9752 947
9753 957
9754 964
9755 971
9756 977
9757 984
9758 992
9759 1001
9760 1008
9761 1013
9762 1019
9763 1024
9764 1029
9765 1035
9766 1041
9767 1046
9768 1052
9769 1055
9770 1056
9771 1056
9772 1056
9773 1057
9774 1056
9775 1055
9776 1058
9777 1059
9778 1059
9779 1056
9780 1053
9781 1050
9782 1042
9783 1037
9784 1033
9785 1029
9786 1024
9787 1020
9788 1014
9789 1009
9790 1009
9791 1005
9792 1002
9793 999
9794 995
9795 991
9796 983
9797 975
9798 967
9799 963
9800 960
9801 958
9802 956
9803 954
9804 949
9805 945
9806 938
9807 931
9808 929
9809 932
9810 930
9811 930
9812 930
9813 929
9814 927
9815 925
9816 928
9817 928
9818 929
9819 933
9820 935
9821 938
9822 942
9823 948
9824 954
9825 962
9826 970
9827 977
9828 983
9829 989
9830 986
9831 987
9832 986
9833 988
9834 987
9835 987
9836 986
9837 982
9838 975
9839 964
9840 953
9841 942
9842 929
9843 921
9844 914
9845 909
9846 905
9847 901
9848 899
9849 901
9850 902
9851 905
9852 907
9853 909
9854 909
9855 905
9856 902
9857 901
9858 901
9859 903
9860 906
9861 909
9862 912
9863 916
9864 913
9865 906
9866 903
9867 899
9868 894
9869 895
9870 892
9871 894
9872 901
9873 920
9874 954
9875 1004
9876 1069
9877 1147
9878 1229
9879 1314
9880 1387
9881 1437
9882 1454
9883 1439
9884 1389
9885 1315
9886 1225
9887 1129
9888 1033
9889 946
9890 869
9891 811
9892 774
9893 763
9894 775
9895 799
9896 829
9897 850
9898 864
9899 869
9900 865
9901 856
9902 849
9903 843
9904 837
9905 835
9906 831
9907 830
9908 836
9909 835
9910 837
9911 833
9912 832
9913 831
9914 827
9915 825
9916 823
9917 821
9918 820
9919 822
9920 821
9921 820
9922 820
9923 820
9924 818
9925 819
9926 819
9927 820
9928 819
9929 819
9930 816
9931 819
9932 826
9933 832
9934 838
9935 841
9936 846
9937 849
9938 850
9939 850
9940 857
9941 864
9942 871
9943 880
9944 891
9945 896
9946 904
9947 914
9948 925
9949 931
9950 939
9951 947
9952 952
9953 958
9954 964
9955 975
9956 986
9957 998
9958 1009
9959 1019
9960 1027
9961 1035
9962 1038
9963 1043
9964 1049
9965 1053
9966 1057
9967 1059
9968 1062
9969 1063
9970 1065
9971 1068
9972 1070
9973 1070
9974 1069
9975 1066
9976 1060
9977 1056
9978 1050
9979 1047
9980 1044
9981 1043
9982 1037
9983 1034
9984 1031
9985 1026
9986 1023
9987 1017
9988 1014
9989 1009
9990 1005
9991 1001
9992 998
9993 993
9994 991
9995 988
9996 984
9997 978
9998 976
9999 970
