0 -127
1 -108
2 -79
3 -57
4 -54
5 -60
6 -62
7 -68
8 -66
9 -56
10 -59
11 -52
12 -51
13 -49
14 -55
15 -58
16 -62
17 -53
18 -44
19 -48
20 -56
21 -58
22 -54
23 -52
24 -54
25 -60
26 -55
27 -43
28 -40
29 -45
30 -49
31 -50
32 -42
33 -38
34 -34
35 -35
36 -30
37 -19
38 -21
39 -24
40 -20
41 -18
42 -12
43 -15
44 -14
45 -7
46 1
47 6
48 9
49 14
50 23
51 25
52 28
53 34
54 35
55 44
56 51
57 49
58 44
59 51
60 56
61 57
62 54
63 47
64 47
65 50
66 54
67 54
68 53
69 53
70 51
71 51
72 41
73 34
74 32
75 30
76 19
77 12
78 7
79 5
80 9
81 4
82 -6
83 -9
84 -7
85 -11
86 -20
87 -19
88 -12
89 -10
90 -8
91 -11
92 -16
93 -13
94 -13
95 -11
96 -8
97 -6
98 -5
99 -8
100 -16
101 -16
102 -10
103 -4
104 1
105 -1
106 -3
107 3
108 7
109 1
110 -1
111 -4
112 8
113 4
114 4
115 6
116 7
117 7
118 11
119 9
120 1
121 -5
122 -3
123 2
124 0
125 -5
126 -3
127 -1
128 -6
129 -9
130 -6
131 -5
132 -3
133 -8
134 -15
135 -19
136 -11
137 -11
138 -16
139 -22
140 -21
141 -13
142 -12
143 -10
144 -15
145 -12
146 -16
147 -21
148 -21
149 -19
150 -13
151 -13
152 -19
153 -20
154 -17
155 -13
156 -13
157 -19
158 -24
159 -19
160 -11
161 -12
162 -14
163 -14
164 -9
165 -12
166 -16
167 -23
168 -23
169 -7
170 4
171 8
172 11
173 9
174 22
175 35
176 36
177 34
178 38
179 39
180 23
181 10
182 10
183 16
184 8
185 -1
186 -10
187 -25
188 -24
189 -25
190 -24
191 -27
192 -33
193 -26
194 -30
195 -26
196 -23
197 -22
198 -29
199 -36
200 -40
201 -36
202 -34
203 -39
204 -33
205 -7
206 70
207 176
208 285
209 357
210 337
211 206
212 54
213 -99
214 -140
215 -116
216 -82
217 -53
218 -45
219 -43
220 -38
221 -32
222 -33
223 -38
224 -40
225 -37
226 -34
227 -34
228 -35
229 -41
230 -43
231 -42
232 -39
233 -40
234 -36
235 -31
236 -31
237 -36
238 -37
239 -31
240 -33
241 -33
242 -32
243 -26
244 -25
245 -19
246 -22
247 -28
248 -22
249 -22
250 -18
251 -11
252 -13
253 -12
254 -6
255 -2
256 4
257 12
258 17
259 14
260 6
261 8
262 17
263 32
264 38
265 42
266 44
267 46
268 50
269 54
270 57
271 56
272 67
273 72
274 71
275 68
276 66
277 71
278 74
279 72
280 72
281 79
282 86
283 77
284 68
285 58
286 46
287 43
288 39
289 28
290 21
291 23
292 18
293 11
294 3
295 6
296 4
297 -1
298 -4
299 -10
300 -15
301 -9
302 -9
303 -18
304 -24
305 -21
306 -13
307 -12
308 -19
309 -18
310 -15
311 -2
312 -4
313 -2
314 -11
315 -6
316 -5
317 -3
318 -6
319 -5
320 0
321 -1
322 -2
323 5
324 1
325 0
326 -4
327 -11
328 -7
329 3
330 5
331 -1
332 -7
333 -11
334 -2
335 -5
336 -13
337 -15
338 -15
339 -12
340 -5
341 -6
342 -12
343 -15
344 -25
345 -28
346 -22
347 -17
348 -11
349 -10
350 -22
351 -38
352 -45
353 -38
354 -38
355 -37
356 -28
357 -23
358 -21
359 -23
360 -31
361 -32
362 -35
363 -33
364 -37
365 -30
366 -29
367 -28
368 -29
369 -31
370 -41
371 -39
372 -31
373 -29
374 -35
375 -38
376 -31
377 -28
378 -29
379 -35
380 -29
381 -30
382 -22
383 0
384 19
385 29
386 25
387 14
388 0
389 6
390 6
391 0
392 -22
393 -24
394 -24
395 -38
396 -50
397 -53
398 -48
399 -43
400 -41
401 -42
402 -44
403 -52
404 -50
405 -52
406 -58
407 -56
408 -49
409 -36
410 -34
411 -48
412 -53
413 -30
414 34
415 132
416 241
417 327
418 309
419 168
420 31
421 -84
422 -108
423 -82
424 -72
425 -71
426 -70
427 -69
428 -63
429 -60
430 -60
431 -62
432 -56
433 -49
434 -55
435 -56
436 -58
437 -53
438 -52
439 -58
440 -63
441 -62
442 -60
443 -59
444 -54
445 -48
446 -47
447 -41
448 -49
449 -61
450 -67
451 -59
452 -42
453 -36
454 -50
455 -56
456 -47
457 -48
458 -50
459 -50
460 -43
461 -39
462 -17
463 -12
464 -24
465 -27
466 -31
467 -40
468 -35
469 -33
470 -16
471 -6
472 -6
473 -2
474 7
475 19
476 26
477 22
478 28
479 33
480 32
481 31
482 36
483 36
484 38
485 40
486 32
487 41
488 49
489 49
490 38
491 28
492 24
493 20
494 13
495 4
496 -3
497 2
498 -3
499 -2
500 -10
501 -9
502 -9
503 -21
504 -35
505 -43
506 -24
507 -23
508 -53
509 -78
510 -84
511 -63
512 -50
513 -45
514 -48
515 -48
516 -15
517 0
518 -30
519 -66
520 -51
521 -22
522 -12
523 -21
524 -3
525 -1
526 -52
527 -102
528 -90
529 -41
530 -10
531 -19
532 -39
533 -71
534 -64
535 -48
536 -27
537 -40
538 -70
539 -77
540 -75
541 -71
542 -68
543 -56
544 -22
545 -8
546 -46
547 -68
548 -58
549 -31
550 -48
551 -74
552 -41
553 -6
554 -47
555 -97
556 -97
557 -88
558 -85
559 -75
560 -88
561 -72
562 -71
563 -88
564 -71
565 -63
566 -100
567 -111
568 -84
569 -87
570 -94
571 -96
572 -98
573 -82
574 -57
575 -44
576 -60
577 -75
578 -46
579 -54
580 -85
581 -70
582 -66
583 -91
584 -101
585 -83
586 -72
587 -92
588 -96
589 -58
590 -34
591 -48
592 -67
593 -48
594 10
595 16
596 -8
597 -25
598 -49
599 -72
600 -68
601 -63
602 -46
603 -56
604 -85
605 -97
606 -85
607 -68
608 -72
609 -88
610 -90
611 -94
612 -106
613 -82
614 -56
615 -76
616 -102
617 -98
618 -75
619 -77
620 -106
621 -117
622 -67
623 7
624 78
625 151
626 261
627 318
628 220
629 63
630 -103
631 -199
632 -212
633 -181
634 -147
635 -117
636 -104
637 -97
638 -93
639 -95
640 -91
641 -77
642 -80
643 -95
644 -100
645 -99
646 -92
647 -108
648 -114
649 -82
650 -77
651 -116
652 -114
653 -79
654 -70
655 -101
656 -120
657 -126
658 -118
659 -99
660 -86
661 -101
662 -121
663 -120
664 -100
665 -77
666 -83
667 -101
668 -104
669 -102
670 -95
671 -85
672 -75
673 -66
674 -64
675 -66
676 -52
677 -32
678 -11
679 3
680 -9
681 -22
682 -20
683 -29
684 -60
685 -57
686 -23
687 -1
688 9
689 26
690 16
691 11
692 28
693 19
694 0
695 -22
696 -10
697 -4
698 17
699 29
700 15
701 0
702 1
703 11
704 1
705 -19
706 -19
707 -10
708 -5
709 -12
710 -17
711 -34
712 -66
713 -78
714 -81
715 -97
716 -87
717 -66
718 -66
719 -94
720 -121
721 -120
722 -87
723 -80
724 -80
725 -86
726 -92
727 -73
728 -63
729 -70
730 -83
731 -88
732 -70
733 -59
734 -42
735 -36
736 -43
737 -64
738 -70
739 -67
740 -72
741 -83
742 -79
743 -69
744 -75
745 -97
746 -97
747 -80
748 -67
749 -59
750 -38
751 -43
752 -81
753 -88
754 -67
755 -42
756 -34
757 -71
758 -102
759 -92
760 -67
761 -68
762 -80
763 -77
764 -50
765 -40
766 -67
767 -108
768 -94
769 -92
770 -87
771 -78
772 -78
773 -85
774 -94
775 -88
776 -48
777 -32
778 -68
779 -78
780 -64
781 -90
782 -112
783 -97
784 -95
785 -113
786 -100
787 -86
788 -95
789 -95
790 -84
791 -72
792 -79
793 -93
794 -96
795 -79
796 -74
797 -78
798 -92
799 -95
800 -90
801 -85
802 -73
803 -56
804 -60
805 -48
806 -31
807 -34
808 -63
809 -75
810 -80
811 -57
812 -24
813 -30
814 -49
815 -59
816 -58
817 -49
818 -39
819 -49
820 -70
821 -69
822 -62
823 -52
824 -55
825 -84
826 -108
827 -88
828 -78
829 -87
830 -111
831 -101
832 -90
833 -98
834 -111
835 -105
836 -90
837 -86
838 -78
839 -60
840 -37
841 35
842 155
843 277
844 330
845 262
846 104
847 -64
848 -159
849 -145
850 -147
851 -143
852 -120
853 -85
854 -80
855 -94
856 -94
857 -96
858 -107
859 -111
860 -92
861 -84
862 -76
863 -87
864 -104
865 -99
866 -73
867 -59
868 -65
869 -83
870 -105
871 -102
872 -95
873 -88
874 -74
875 -68
876 -77
877 -73
878 -59
879 -58
880 -64
881 -75
882 -78
883 -92
884 -105
885 -99
886 -67
887 -53
888 -67
889 -67
890 -51
891 -49
892 -58
893 -51
894 -37
895 -24
896 -8
897 -5
898 -22
899 -26
900 -24
901 7
902 24
903 9
904 4
905 14
906 17
907 14
908 21
909 49
910 90
911 85
912 52
913 18
914 13
915 26
916 47
917 46
918 41
919 31
920 25
921 9
922 -7
923 -4
924 23
925 3
926 -48
927 -54
928 -35
929 -30
930 -35
931 -38
932 -31
933 -33
934 -46
935 -49
936 -58
937 -65
938 -45
939 -30
940 -29
941 -38
942 -40
943 -35
944 -42
945 -54
946 -71
947 -78
948 -74
949 -68
950 -78
951 -96
952 -108
953 -102
954 -99
955 -111
956 -103
957 -77
958 -69
959 -73
960 -80
961 -67
962 -46
963 -39
964 -43
965 -47
966 -45
967 -15
968 -2
969 -8
970 -21
971 -40
972 -40
973 -17
974 -25
975 -28
976 17
977 81
978 150
979 261
980 327
981 250
982 63
983 -106
984 -188
985 -144
986 -106
987 -59
988 -35
989 -53
990 -47
991 -26
992 -39
993 -58
994 -60
995 -48
996 -45
997 -56
998 -58
999 -53
1000 -49
1001 -40
1002 -34
1003 -38
1004 -49
1005 -65
1006 -67
1007 -52
1008 -33
1009 -17
1010 -7
1011 -14
1012 -32
1013 -49
1014 -42
1015 -33
1016 -49
1017 -60
1018 -47
1019 -14
1020 -17
1021 -41
1022 -48
1023 -38
1024 -23
1025 -19
1026 -22
1027 -19
1028 12
1029 17
1030 -11
1031 -26
1032 -5
1033 11
1034 17
1035 23
1036 24
1037 5
1038 11
1039 48
1040 52
1041 44
1042 49
1043 37
1044 26
1045 28
1046 52
1047 76
1048 81
1049 75
1050 71
1051 38
1052 4
1053 -5
1054 7
1055 17
1056 7
1057 -9
1058 -21
1059 -21
1060 -11
1061 -18
1062 -26
1063 -43
1064 -52
1065 -32
1066 -27
1067 -51
1068 -67
1069 -63
1070 -53
1071 -46
1072 -43
1073 -45
1074 -49
1075 -22
1076 1
1077 -14
1078 -43
1079 -60
1080 -48
1081 -43
1082 -26
1083 -18
1084 -44
1085 -43
1086 -31
1087 -45
1088 -66
1089 -64
1090 -48
1091 -29
1092 -19
1093 -32
1094 -52
1095 -51
1096 -30
1097 -14
1098 -24
1099 -38
1100 -54
1101 -24
1102 -10
1103 -25
1104 -55
1105 -54
1106 -34
1107 -36
1108 -46
1109 -46
1110 -36
1111 -35
1112 -49
1113 -55
1114 -40
1115 -31
1116 -42
1117 -49
1118 -53
1119 -56
1120 -57
1121 -46
1122 -34
1123 -31
1124 -35
1125 -59
1126 -67
1127 -46
1128 -33
1129 -55
1130 -66
1131 -56
1132 -28
1133 -12
1134 -36
1135 -64
1136 -68
1137 -53
1138 -36
1139 -37
1140 -41
1141 -43
1142 -40
1143 -57
1144 -80
1145 -88
1146 -61
1147 -33
1148 -34
1149 -48
1150 -48
1151 -50
1152 -48
1153 -43
1154 -37
1155 -45
1156 -40
1157 -43
1158 -44
1159 -53
1160 -53
1161 -32
1162 -23
1163 -42
1164 -50
1165 -39
1166 -40
1167 -59
1168 -76
1169 -74
1170 -50
1171 -34
1172 -19
1173 -34
1174 -48
1175 -65
1176 -58
1177 -59
1178 -52
1179 -47
1180 -48
1181 -44
1182 -48
1183 -75
1184 -87
1185 -64
1186 -55
1187 -47
1188 -33
1189 -34
1190 -47
1191 -51
1192 -64
1193 -70
1194 -51
1195 -47
1196 -55
1197 -43
1198 -30
1199 -39
1200 -57
1201 -72
1202 -52
1203 -31
1204 -33
1205 -56
1206 -60
1207 -51
1208 -54
1209 -63
1210 -70
1211 -74
1212 -68
1213 -45
1214 -37
1215 -37
1216 -50
1217 -65
1218 -71
1219 -60
1220 -51
1221 -54
1222 -64
1223 -56
1224 -54
1225 -38
1226 -30
1227 -25
1228 -31
1229 -54
1230 -54
1231 -15
1232 18
1233 22
1234 7
1235 11
1236 28
1237 17
1238 -24
1239 -57
1240 -53
1241 -26
1242 16
1243 -2
1244 -69
1245 -96
1246 -58
1247 -44
1248 -37
1249 -33
1250 -72
1251 -86
1252 -50
1253 -32
1254 -61
1255 -96
1256 -79
1257 -58
1258 -63
1259 -56
1260 0
1261 107
1262 215
1263 325
1264 378
1265 290
1266 132
1267 -17
1268 -121
1269 -128
1270 -125
1271 -121
1272 -77
1273 -58
1274 -46
1275 -22
1276 -47
1277 -101
1278 -95
1279 -55
1280 -51
1281 -78
1282 -96
1283 -88
1284 -90
1285 -82
1286 -83
1287 -77
1288 -67
1289 -58
1290 -42
1291 -26
1292 -43
1293 -91
1294 -105
1295 -72
1296 -55
1297 -64
1298 -63
1299 -61
1300 -79
1301 -72
1302 -58
1303 -32
1304 -30
1305 -30
1306 -37
1307 -45
1308 -42
1309 -39
1310 -48
1311 -50
1312 -48
1313 -44
1314 -39
1315 -15
1316 -6
1317 -8
1318 -18
1319 -18
1320 1
1321 13
1322 3
1323 14
1324 37
1325 25
1326 15
1327 9
1328 17
1329 14
1330 14
1331 33
1332 34
1333 1
1334 13
1335 40
1336 22
1337 2
1338 27
1339 54
1340 67
1341 58
1342 48
1343 50
1344 28
1345 2
1346 4
1347 23
1348 4
1349 -18
1350 -21
1351 -21
1352 -37
1353 -34
1354 -7
1355 6
1356 -13
1357 -42
1358 -52
1359 -25
1360 9
1361 11
1362 -2
1363 -31
1364 -58
1365 -56
1366 -32
1367 -26
1368 -24
1369 -19
1370 -5
1371 8
1372 21
1373 2
1374 -28
1375 -42
1376 -24
1377 11
1378 19
1379 3
1380 -16
1381 -27
1382 -16
1383 -2
1384 8
1385 -7
1386 -54
1387 -90
1388 -82
1389 -52
1390 -39
1391 -49
1392 -78
1393 -87
1394 -67
1395 -39
1396 -30
1397 -45
1398 -42
1399 -33
1400 -30
1401 -18
1402 -3
1403 -18
1404 -20
1405 -24
1406 -26
1407 -38
1408 -57
1409 -30
1410 23
1411 97
1412 185
1413 302
1414 355
1415 245
1416 102
1417 -47
1418 -138
1419 -113
1420 -68
1421 -32
1422 -40
1423 -58
1424 -60
1425 -65
1426 -69
1427 -64
1428 -62
1429 -52
1430 -30
1431 -17
1432 -49
1433 -79
1434 -68
1435 -18
1436 -25
1437 -65
1438 -68
1439 -34
1440 -14
1441 -38
1442 -64
1443 -70
1444 -41
1445 -40
1446 -59
1447 -47
1448 -54
1449 -46
1450 -27
1451 -41
1452 -46
1453 -50
1454 -42
1455 -38
1456 -22
1457 -18
1458 -26
1459 -18
1460 -1
1461 5
1462 -3
1463 -11
1464 -23
1465 -15
1466 -9
1467 2
1468 -5
1469 -9
1470 17
1471 17
1472 11
1473 28
1474 44
1475 29
1476 1
1477 0
1478 16
1479 34
1480 42
1481 32
1482 6
1483 13
1484 28
1485 47
1486 38
1487 -3
1488 -22
1489 -27
1490 -40
1491 -46
1492 -17
1493 -1
1494 -39
1495 -76
1496 -72
1497 -55
1498 -42
1499 -59
1500 -80
1501 -84
1502 -80
1503 -83
1504 -64
1505 -52
1506 -47
1507 -60
1508 -71
1509 -62
1510 -63
1511 -88
1512 -105
1513 -91
1514 -59
1515 -37
1516 -48
1517 -80
1518 -88
1519 -92
1520 -87
1521 -67
1522 -73
1523 -68
1524 -36
1525 -24
1526 -56
1527 -88
1528 -80
1529 -74
1530 -75
1531 -85
1532 -87
1533 -72
1534 -57
1535 -48
1536 -40
1537 -58
1538 -71
1539 -81
1540 -73
1541 -51
1542 -63
1543 -72
1544 -90
1545 -86
1546 -90
1547 -89
1548 -88
1549 -74
1550 -57
1551 -58
1552 -78
1553 -85
1554 -84
1555 -82
1556 -71
1557 -62
1558 -51
1559 -65
1560 -91
1561 -88
1562 -26
1563 -32
1564 -94
1565 -101
1566 -74
1567 -74
1568 -74
1569 -67
1570 -26
1571 -23
1572 -66
1573 -86
1574 -80
1575 -81
1576 -90
1577 -94
1578 -70
1579 -64
1580 -74
1581 -68
1582 -47
1583 -40
1584 -74
1585 -110
1586 -87
1587 -65
1588 -57
1589 -79
1590 -107
1591 -98
1592 -84
1593 -83
1594 -95
1595 -85
1596 -72
1597 -70
1598 -79
1599 -74
1600 -64
1601 -61
1602 -70
1603 -77
1604 -69
1605 -62
1606 -66
1607 -54
1608 -25
1609 -23
1610 -51
1611 -78
1612 -79
1613 -58
1614 -47
1615 -45
1616 -82
1617 -105
1618 -94
1619 -68
1620 -59
1621 -66
1622 -61
1623 -54
1624 -57
1625 -78
1626 -81
1627 -30
1628 -33
1629 -84
1630 -73
1631 -43
1632 -50
1633 -95
1634 -93
1635 -57
1636 -52
1637 -63
1638 -44
1639 -69
1640 -95
1641 -89
1642 -73
1643 -78
1644 -96
1645 -110
1646 -88
1647 -73
1648 -77
1649 -82
1650 -68
1651 -61
1652 -54
1653 -54
1654 -61
1655 -70
1656 -54
1657 -32
1658 0
1659 -22
1660 -71
1661 -78
1662 -37
1663 -36
1664 -70
1665 -66
1666 -18
1667 34
1668 63
1669 20
1670 -42
1671 -62
1672 -26
1673 -15
1674 -42
1675 -77
1676 -77
1677 -55
1678 -62
1679 -90
1680 -87
1681 -75
1682 -87
1683 -94
1684 -88
1685 -66
1686 -49
1687 -33
1688 -33
1689 -66
1690 -90
1691 -97
1692 -96
1693 -83
1694 -52
1695 -13
1696 73
1697 207
1698 327
1699 379
1700 337
1701 160
1702 -63
1703 -191
1704 -170
1705 -132
1706 -129
1707 -114
1708 -92
1709 -69
1710 -65
1711 -97
1712 -104
1713 -91
1714 -75
1715 -61
1716 -91
1717 -125
1718 -98
1719 -74
1720 -88
1721 -93
1722 -83
1723 -79
1724 -90
1725 -99
1726 -89
1727 -74
1728 -87
1729 -125
1730 -110
1731 -94
1732 -87
1733 -82
1734 -95
1735 -127
1736 -128
1737 -92
1738 -62
1739 -83
1740 -106
1741 -91
1742 -71
1743 -39
1744 -13
1745 -52
1746 -88
1747 -58
1748 -38
1749 -53
1750 -56
1751 -17
1752 -7
1753 -50
1754 -52
1755 -21
1756 -24
1757 -39
1758 -23
1759 -15
1760 -15
1761 -11
1762 -2
1763 -5
1764 -16
1765 14
1766 37
1767 13
1768 8
1769 38
1770 57
1771 24
1772 -24
1773 -8
1774 24
1775 23
1776 1
1777 6
1778 28
1779 26
1780 4
1781 5
1782 -10
1783 -35
1784 -46
1785 -28
1786 -30
1787 -38
1788 -40
1789 -49
1790 -27
1791 -27
1792 -51
1793 -72
1794 -61
1795 -22
1796 -9
1797 -58
1798 -85
1799 -71
1800 -30
1801 -13
1802 -51
1803 -84
1804 -81
1805 -62
1806 -54
1807 -39
1808 -36
1809 -40
1810 -40
1811 -48
1812 -49
1813 -33
1814 -47
1815 -55
1816 -54
1817 -45
1818 -46
1819 -49
1820 -88
1821 -104
1822 -110
1823 -99
1824 -83
1825 -62
1826 -55
1827 -59
1828 -45
1829 -22
1830 -32
1831 -28
1832 -32
1833 -37
1834 -23
1835 -6
1836 -3
1837 -25
1838 -66
1839 -87
1840 -76
1841 -8
1842 102
1843 236
1844 314
1845 239
1846 62
1847 -60
1848 -156
1849 -144
1850 -103
1851 -64
1852 -42
1853 -41
1854 -48
1855 -56
1856 -64
1857 -80
1858 -73
1859 -57
1860 -56
1861 -56
1862 -55
1863 -59
1864 -58
1865 -63
1866 -53
1867 -49
1868 -49
1869 -38
1870 -30
1871 -42
1872 -57
1873 -43
1874 -12
1875 -33
1876 -68
1877 -83
1878 -60
1879 -25
1880 -45
1881 -85
1882 -85
1883 -60
1884 -31
1885 0
1886 -11
1887 -48
1888 -64
1889 -38
1890 -32
1891 -30
1892 -24
1893 -11
1894 -2
1895 -9
1896 2
1897 2
1898 -12
1899 -24
1900 -21
1901 -8
1902 19
1903 39
1904 43
1905 29
1906 21
1907 36
1908 58
1909 53
1910 33
1911 31
1912 37
1913 32
1914 45
1915 71
1916 55
1917 10
1918 0
1919 13
1920 26
1921 -1
1922 -34
1923 -47
1924 -43
1925 -36
1926 -20
1927 -21
1928 -52
1929 -72
1930 -77
1931 -36
1932 -11
1933 -26
1934 -61
1935 -100
1936 -106
1937 -78
1938 -60
1939 -55
1940 -59
1941 -59
1942 -69
1943 -60
1944 -29
1945 -17
1946 -30
1947 -44
1948 -54
1949 -52
1950 -64
1951 -85
1952 -91
1953 -73
1954 -72
1955 -87
1956 -78
1957 -65
1958 -52
1959 -37
1960 -47
1961 -64
1962 -75
1963 -67
1964 -66
1965 -52
1966 -32
1967 -36
1968 -57
1969 -59
1970 -44
1971 -36
1972 -41
1973 -58
1974 -76
1975 -82
1976 -76
1977 -82
1978 -81
1979 -66
1980 -64
1981 -80
1982 -83
1983 -74
1984 -79
1985 -89
1986 -82
1987 -69
1988 -61
1989 -64
1990 -76
1991 -68
1992 -66
1993 -70
1994 -69
1995 -65
1996 -74
1997 -81
1998 -71
1999 -47
2000 -54
2001 -79
2002 -93
2003 -60
2004 -61
2005 -98
2006 -106
2007 -81
2008 -62
2009 -75
2010 -72
2011 -73
2012 -82
2013 -88
2014 -77
2015 -85
2016 -87
2017 -61
2018 -32
2019 -58
2020 -83
2021 -79
2022 -80
2023 -78
2024 -63
2025 -76
2026 -115
2027 -117
2028 -77
2029 -60
2030 -62
2031 -60
2032 -69
2033 -73
2034 -77
2035 -84
2036 -101
2037 -100
2038 -90
2039 -80
2040 -81
2041 -76
2042 -86
2043 -108
2044 -98
2045 -80
2046 -61
2047 -74
2048 -80
2049 -64
2050 -75
2051 -82
2052 -90
2053 -92
2054 -68
2055 -47
2056 -77
2057 -101
2058 -96
2059 -84
2060 -70
2061 -89
2062 -113
2063 -112
2064 -92
2065 -88
2066 -84
2067 -92
2068 -97
2069 -101
2070 -97
2071 -90
2072 -71
2073 -64
2074 -65
2075 -86
2076 -102
2077 -95
2078 -107
2079 -105
2080 -89
2081 -54
2082 -31
2083 -69
2084 -115
2085 -113
2086 -92
2087 -82
2088 -65
2089 -72
2090 -74
2091 -46
2092 -10
2093 -10
2094 -35
2095 -40
2096 -30
2097 -28
2098 -29
2099 -53
2100 -65
2101 -67
2102 -58
2103 -74
2104 -89
2105 -87
2106 -78
2107 -91
2108 -107
2109 -92
2110 -75
2111 -64
2112 -78
2113 -89
2114 -88
2115 -86
2116 -75
2117 -78
2118 -95
2119 -103
2120 -56
2121 45
2122 163
2123 287
2124 380
2125 372
2126 211
2127 35
2128 -113
2129 -145
2130 -128
2131 -139
2132 -121
2133 -91
2134 -73
2135 -69
2136 -79
2137 -84
2138 -100
2139 -109
2140 -99
2141 -102
2142 -116
2143 -113
2144 -86
2145 -71
2146 -67
2147 -92
2148 -112
2149 -109
2150 -92
2151 -82
2152 -95
2153 -105
2154 -116
2155 -116
2156 -108
2157 -90
2158 -84
2159 -93
2160 -101
2161 -102
2162 -102
2163 -105
2164 -96
2165 -81
2166 -66
2167 -72
2168 -83
2169 -63
2170 -31
2171 -28
2172 -53
2173 -70
2174 -57
2175 -56
2176 -52
2177 -20
2178 -4
2179 -31
2180 -62
2181 -52
2182 -22
2183 -8
2184 -9
2185 -24
2186 -13
2187 20
2188 1
2189 -32
2190 -22
2191 13
2192 15
2193 14
2194 6
2195 5
2196 -13
2197 -4
2198 4
2199 23
2200 21
2201 7
2202 0
2203 8
2204 7
2205 11
2206 10
2207 2
2208 -17
2209 -27
2210 -31
2211 -36
2212 -44
2213 -48
2214 -55
2215 -51
2216 -55
2217 -57
2218 -67
2219 -54
2220 -36
2221 -53
2222 -70
2223 -48
2224 -30
2225 -44
2226 -48
2227 -46
2228 -54
2229 -57
2230 -47
2231 -47
2232 -56
2233 -52
2234 -38
2235 -36
2236 -28
2237 -23
2238 -24
2239 -19
2240 -25
2241 -29
2242 -28
2243 -31
2244 -31
2245 -8
2246 -9
2247 -31
2248 -59
2249 -86
2250 -91
2251 -73
2252 -85
2253 -109
2254 -108
2255 -77
2256 -68
2257 -60
2258 -22
2259 -7
2260 -16
2261 -2
2262 -12
2263 -58
2264 -74
2265 -51
2266 -53
2267 -65
2268 -63
2269 -43
2270 -5
2271 92
2272 220
2273 337
2274 394
2275 320
2276 150
2277 -22
2278 -146
2279 -135
2280 -96
2281 -70
2282 -46
2283 -48
2284 -73
2285 -91
2286 -77
2287 -74
2288 -68
2289 -43
2290 -45
2291 -57
2292 -70
2293 -55
2294 -60
2295 -80
2296 -72
2297 -50
2298 -60
2299 -67
2300 -68
2301 -48
2302 -48
2303 -63
2304 -71
2305 -44
2306 -18
2307 -26
2308 -52
2309 -76
2310 -78
2311 -56
2312 -48
2313 -48
2314 -54
2315 -56
2316 -52
2317 -37
2318 -36
2319 -39
2320 -31
2321 -28
2322 -25
2323 -15
2324 -3
2325 2
2326 39
2327 49
2328 6
2329 -13
2330 13
2331 28
2332 26
2333 25
2334 14
2335 10
2336 13
2337 23
2338 40
2339 70
2340 79
2341 76
2342 71
2343 46
2344 25
2345 30
2346 31
2347 30
2348 31
2349 34
2350 14
2351 -15
2352 -33
2353 -28
2354 -18
2355 -24
2356 -21
2357 -31
2358 -34
2359 -37
2360 -26
2361 -25
2362 -40
2363 -57
2364 -66
2365 -58
2366 -42
2367 -42
2368 -38
2369 -49
2370 -69
2371 -57
2372 -40
2373 -37
2374 -45
2375 -64
2376 -64
2377 -51
2378 -36
2379 -49
2380 -46
2381 -42
2382 -34
2383 -24
2384 -36
2385 -64
2386 -74
2387 -50
2388 -16
2389 -25
2390 -50
2391 -58
2392 -62
2393 -59
2394 -49
2395 -38
2396 -36
2397 -37
2398 -32
2399 -12
2400 -26
2401 -52
2402 -62
2403 -63
2404 -50
2405 -33
2406 -20
2407 -33
2408 -41
2409 -33
2410 -34
2411 -56
2412 -69
2413 -69
2414 -64
2415 -53
2416 -45
2417 -43
2418 -38
2419 -41
2420 -51
2421 -56
2422 -40
2423 -23
2424 -17
2425 -37
2426 -58
2427 -70
2428 -63
2429 -48
2430 -35
2431 -38
2432 -50
2433 -32
2434 -33
2435 -52
2436 -55
2437 -38
2438 -58
2439 -73
2440 -57
2441 -30
2442 -22
2443 -44
2444 -68
2445 -72
2446 -56
2447 -42
2448 -54
2449 -50
2450 -34
2451 -32
2452 -57
2453 -60
2454 -53
2455 -40
2456 -35
2457 -31
2458 -45
2459 -64
2460 -66
2461 -53
2462 -56
2463 -48
2464 -53
2465 -48
2466 -42
2467 -42
2468 -40
2469 -50
2470 -44
2471 -23
2472 -30
2473 -69
2474 -80
2475 -55
2476 -29
2477 -50
2478 -71
2479 -51
2480 -39
2481 -59
2482 -53
2483 -55
2484 -45
2485 -42
2486 -56
2487 -60
2488 -45
2489 -25
2490 -24
2491 -52
2492 -64
2493 -64
2494 -57
2495 -48
2496 -28
2497 -16
2498 -39
2499 -70
2500 -60
2501 -40
2502 -43
2503 -47
2504 -52
2505 -46
2506 -56
2507 -55
2508 -32
2509 -1
2510 -14
2511 -48
2512 -72
2513 -83
2514 -72
2515 -52
2516 -24
2517 -20
2518 -50
2519 -62
2520 -46
2521 -13
2522 -22
2523 -29
2524 -22
2525 -22
2526 -2
2527 16
2528 22
2529 20
2530 5
2531 -7
2532 -16
2533 -26
2534 -32
2535 -25
2536 -30
2537 -55
2538 -56
2539 -60
2540 -64
2541 -56
2542 -50
2543 -54
2544 -47
2545 -48
2546 -60
2547 -64
2548 -43
2549 -25
2550 -32
2551 -59
2552 -64
2553 -46
2554 24
2555 151
2556 269
2557 358
2558 371
2559 251
2560 61
2561 -76
2562 -156
2563 -121
2564 -71
2565 -59
2566 -72
2567 -86
2568 -82
2569 -70
2570 -68
2571 -64
2572 -57
2573 -67
2574 -89
2575 -94
2576 -83
2577 -72
2578 -49
2579 -46
2580 -49
2581 -58
2582 -83
2583 -86
2584 -84
2585 -90
2586 -89
2587 -80
2588 -53
2589 -49
2590 -62
2591 -80
2592 -92
2593 -77
2594 -59
2595 -64
2596 -61
2597 -66
2598 -62
2599 -50
2600 -32
2601 -32
2602 -60
2603 -58
2604 -42
2605 -38
2606 -17
2607 -19
2608 -20
2609 -10
2610 3
2611 -5
2612 -10
2613 -16
2614 -8
2615 24
2616 31
2617 14
2618 -2
2619 27
2620 51
2621 44
2622 49
2623 46
2624 40
2625 36
2626 49
2627 52
2628 54
2629 54
2630 77
2631 101
2632 86
2633 53
2634 39
2635 62
2636 63
2637 44
2638 30
2639 22
2640 10
2641 15
2642 24
2643 7
2644 -13
2645 -4
2646 5
2647 -7
2648 -19
2649 -16
2650 -18
2651 -11
2652 -13
2653 -31
2654 -50
2655 -54
2656 -49
2657 -32
2658 -10
2659 -6
2660 -24
2661 -42
2662 -40
2663 -25
2664 -24
2665 -21
2666 -16
2667 -8
2668 -10
2669 -15
2670 -12
2671 11
2672 26
2673 -12
2674 -40
2675 -18
2676 -4
2677 -21
2678 -55
2679 -75
2680 -59
2681 -48
2682 -52
2683 -70
2684 -74
2685 -75
2686 -70
2687 -36
2688 -13
2689 -31
2690 -28
2691 -17
2692 -19
2693 -20
2694 -24
2695 -31
2696 -25
2697 -28
2698 -26
2699 -35
2700 -39
2701 -27
2702 -18
2703 4
2704 95
2705 214
2706 339
2707 398
2708 332
2709 183
2710 5
2711 -130
2712 -130
2713 -79
2714 -55
2715 -71
2716 -81
2717 -69
2718 -39
2719 -26
2720 -43
2721 -63
2722 -52
2723 -33
2724 -40
2725 -40
2726 -28
2727 -51
2728 -71
2729 -59
2730 -55
2731 -52
2732 -46
2733 -42
2734 -53
2735 -71
2736 -52
2737 -28
2738 -36
2739 -44
2740 -46
2741 -20
2742 -2
2743 -14
2744 -43
2745 -50
2746 -27
2747 -16
2748 -34
2749 -56
2750 -45
2751 -24
2752 -19
2753 -17
2754 -10
2755 0
2756 -12
2757 -30
2758 -27
2759 -2
2760 23
2761 40
2762 41
2763 35
2764 35
2765 39
2766 16
2767 12
2768 18
2769 44
2770 58
2771 48
2772 37
2773 47
2774 49
2775 47
2776 58
2777 56
2778 53
2779 61
2780 50
2781 37
2782 50
2783 45
2784 -4
2785 -27
2786 -34
2787 -16
2788 -17
2789 -21
2790 -24
2791 -28
2792 -47
2793 -47
2794 -34
2795 -23
2796 -43
2797 -45
2798 -33
2799 -25
2800 -38
2801 -40
2802 -24
2803 -45
2804 -80
2805 -78
2806 -63
2807 -48
2808 -40
2809 -61
2810 -75
2811 -70
2812 -49
2813 -48
2814 -43
2815 -39
2816 -39
2817 -32
2818 -57
2819 -87
2820 -74
2821 -51
2822 -57
2823 -57
2824 -50
2825 -28
2826 -6
2827 -20
2828 -52
2829 -72
2830 -54
2831 -43
2832 -45
2833 -47
2834 -53
2835 -57
2836 -62
2837 -58
2838 -37
2839 -35
2840 -46
2841 -61
2842 -57
2843 -61
2844 -49
2845 -48
2846 -52
2847 -57
2848 -54
2849 -50
2850 -40
2851 -46
2852 -62
2853 -60
2854 -39
2855 -62
2856 -83
2857 -75
2858 -54
2859 -46
2860 -53
2861 -61
2862 -67
2863 -67
2864 -61
2865 -58
2866 -50
2867 -44
2868 -58
2869 -63
2870 -58
2871 -61
2872 -56
2873 -44
2874 -31
2875 -13
2876 -26
2877 -61
2878 -76
2879 -66
2880 -47
2881 -35
2882 -32
2883 -46
2884 -73
2885 -80
2886 -56
2887 -46
2888 -39
2889 -39
2890 -51
2891 -72
2892 -77
2893 -55
2894 -23
2895 -34
2896 -67
2897 -80
2898 -78
2899 -72
2900 -58
2901 -49
2902 -48
2903 -52
2904 -56
2905 -52
2906 -51
2907 -48
2908 -50
2909 -36
2910 -41
2911 -63
2912 -57
2913 -37
2914 -36
2915 -60
2916 -74
2917 -75
2918 -58
2919 -39
2920 -55
2921 -68
2922 -69
2923 -56
2924 -49
2925 -44
2926 -40
2927 -39
2928 -37
2929 -59
2930 -63
2931 -52
2932 -23
2933 -20
2934 -51
2935 -82
2936 -67
2937 -46
2938 -60
2939 -82
2940 -83
2941 -59
2942 -36
2943 -45
2944 -61
2945 -61
2946 -42
2947 -30
2948 -50
2949 -62
2950 -51
2951 -32
2952 -44
2953 -68
2954 -58
2955 -24
2956 -18
2957 -35
2958 -37
2959 -31
2960 -44
2961 -38
2962 -11
2963 -2
2964 -10
2965 0
2966 -4
2967 -19
2968 -32
2969 -30
2970 -31
2971 -33
2972 -28
2973 -34
2974 -49
2975 -65
2976 -79
2977 -75
2978 -72
2979 -59
2980 -45
2981 -49
2982 -59
2983 -57
2984 -36
2985 -41
2986 -57
2987 -49
2988 -37
2989 -48
2990 -36
2991 12
2992 116
2993 248
2994 357
2995 387
2996 278
2997 125
2998 -34
2999 -142
3000 -160
3001 -133
3002 -89
3003 -49
3004 -48
3005 -84
3006 -94
3007 -71
3008 -48
3009 -67
3010 -81
3011 -91
3012 -94
3013 -90
3014 -75
3015 -56
3016 -51
3017 -78
3018 -107
3019 -106
3020 -79
3021 -66
3022 -63
3023 -71
3024 -87
3025 -74
3026 -49
3027 -54
3028 -67
3029 -87
3030 -93
3031 -87
3032 -80
3033 -63
3034 -54
3035 -64
3036 -62
3037 -48
3038 -44
3039 -53
3040 -45
3041 -40
3042 -52
3043 -49
3044 -34
3045 -8
3046 10
3047 23
3048 -6
3049 -43
3050 -46
3051 -6
3052 9
3053 10
3054 8
3055 10
3056 13
3057 19
3058 30
3059 33
3060 24
3061 29
3062 38
3063 47
3064 58
3065 64
3066 62
3067 48
3068 45
3069 54
3070 55
3071 52
3072 48
3073 47
3074 42
3075 31
3076 10
3077 1
3078 10
3079 22
3080 2
3081 -22
3082 -25
3083 -8
3084 -4
3085 -26
3086 -32
3087 -12
3088 -12
3089 -15
3090 -32
3091 -43
3092 -55
3093 -53
3094 -43
3095 -23
3096 -17
3097 -27
3098 -49
3099 -54
3100 -45
3101 -22
3102 -3
3103 0
3104 -8
3105 -14
3106 -23
3107 -27
3108 -42
3109 -29
3110 -11
3111 -5
3112 1
3113 -3
3114 -22
3115 -27
3116 -4
3117 2
3118 -19
3119 -38
3120 -35
3121 -25
3122 -8
3123 -20
3124 -52
3125 -76
3126 -79
3127 -62
3128 -57
3129 -61
3130 -57
3131 -71
3132 -93
3133 -76
3134 -53
3135 -59
3136 -53
3137 -31
3138 -9
3139 0
3140 -38
3141 -71
3142 -55
3143 -24
3144 -5
3145 -19
3146 -40
3147 -56
3148 -31
3149 46
3150 164
3151 278
3152 363
3153 360
3154 227
3155 59
3156 -118
3157 -161
3158 -128
3159 -92
3160 -81
3161 -73
3162 -58
3163 -37
3164 -24
3165 -47
3166 -54
3167 -46
3168 -51
3169 -51
3170 -55
3171 -56
3172 -40
3173 -30
3174 -29
3175 -59
3176 -77
3177 -62
3178 -37
3179 -25
3180 -13
3181 -11
3182 -40
3183 -51
3184 -57
3185 -57
3186 -45
3187 -38
3188 -36
3189 -46
3190 -55
3191 -45
3192 -18
3193 -7
3194 -26
3195 -39
3196 -40
3197 -42
3198 -30
3199 -20
3200 -29
3201 -33
3202 -23
3203 -11
3204 13
3205 9
3206 6
3207 21
3208 36
3209 19
3210 23
3211 35
3212 29
3213 36
3214 38
3215 35
3216 50
3217 56
3218 57
3219 59
3220 55
3221 54
3222 46
3223 41
3224 56
3225 66
3226 50
3227 20
3228 1
3229 -13
3230 -29
3231 -28
3232 -22
3233 -22
3234 -25
3235 -20
3236 -24
3237 -40
3238 -54
3239 -52
3240 -44
3241 -30
3242 -48
3243 -72
3244 -79
3245 -55
3246 -36
3247 -14
3248 -23
3249 -59
3250 -64
3251 -53
3252 -69
3253 -62
3254 -45
3255 -34
3256 -58
3257 -80
3258 -74
3259 -57
3260 -37
3261 -36
3262 -56
3263 -63
3264 -58
3265 -44
3266 -40
3267 -28
3268 -25
3269 -42
3270 -47
3271 -52
3272 -55
3273 -61
3274 -65
3275 -68
3276 -62
3277 -51
3278 -29
3279 -16
3280 -39
3281 -75
3282 -81
3283 -66
3284 -52
3285 -48
3286 -44
3287 -49
3288 -68
3289 -74
3290 -68
3291 -44
3292 -22
3293 -38
3294 -68
3295 -75
3296 -50
3297 -39
3298 -46
3299 -73
3300 -80
3301 -68
3302 -47
3303 -52
3304 -80
3305 -85
3306 -74
3307 -51
3308 -42
3309 -45
3310 -48
3311 -51
3312 -62
3313 -60
3314 -63
3315 -70
3316 -60
3317 -63
3318 -80
3319 -80
3320 -73
3321 -43
3322 -14
3323 -18
3324 -42
3325 -84
3326 -85
3327 -68
3328 -73
3329 -77
3330 -50
3331 -27
3332 -38
3333 -77
3334 -94
3335 -79
3336 -59
3337 -48
3338 -45
3339 -55
3340 -71
3341 -76
3342 -80
3343 -84
3344 -73
3345 -55
3346 -44
3347 -52
3348 -57
3349 -60
3350 -58
3351 -56
3352 -49
3353 -42
3354 -46
3355 -64
3356 -72
3357 -69
3358 -60
3359 -59
3360 -58
3361 -69
3362 -76
3363 -64
3364 -62
3365 -70
3366 -69
3367 -28
3368 -24
3369 -59
3370 -78
3371 -54
3372 -61
3373 -67
3374 -59
3375 -48
3376 -49
3377 -58
3378 -67
3379 -66
3380 -75
3381 -66
3382 -53
3383 -54
3384 -63
3385 -64
3386 -38
3387 -26
3388 -46
3389 -60
3390 -58
3391 -63
3392 -58
3393 -66
3394 -74
3395 -56
3396 -31
3397 -21
3398 -33
3399 -50
3400 -50
3401 -48
3402 -24
3403 15
3404 33
3405 12
3406 12
3407 11
3408 -4
3409 -25
3410 -51
3411 -61
3412 -54
3413 -44
3414 -43
3415 -46
3416 -63
3417 -84
3418 -78
3419 -59
3420 -32
3421 -45
3422 -78
3423 -69
3424 -28
3425 -17
3426 -50
3427 -88
3428 -91
3429 -68
3430 -37
3431 -11
3432 35
3433 133
3434 259
3435 355
3436 364
3437 245
3438 74
3439 -113
3440 -180
3441 -142
3442 -102
3443 -96
3444 -88
3445 -82
3446 -65
3447 -63
3448 -55
3449 -50
3450 -56
3451 -70
3452 -77
3453 -76
3454 -61
3455 -56
3456 -73
3457 -87
3458 -90
3459 -104
3460 -99
3461 -79
3462 -74
3463 -93
3464 -99
3465 -69
3466 -49
3467 -39
3468 -57
3469 -94
3470 -85
3471 -67
3472 -51
3473 -60
3474 -70
3475 -69
3476 -86
3477 -89
3478 -69
3479 -49
3480 -39
3481 -38
3482 -42
3483 -40
3484 -34
3485 -42
3486 -43
3487 -18
3488 -3
3489 -17
3490 -36
3491 -38
3492 -32
3493 -17
3494 18
3495 28
3496 14
3497 18
3498 27
3499 28
3500 6
3501 3
3502 24
3503 46
3504 41
3505 27
3506 40
3507 50
3508 40
3509 23
3510 38
3511 50
3512 43
3513 24
3514 22
3515 18
3516 19
3517 19
3518 2
3519 -28
3520 -39
3521 -33
3522 -37
3523 -56
3524 -62
3525 -62
3526 -82
3527 -107
3528 -96
3529 -64
3530 -51
3531 -55
3532 -76
3533 -104
3534 -88
3535 -69
3536 -63
3537 -51
3538 -31
3539 -28
3540 -26
3541 -20
3542 -17
3543 -20
3544 -2
3545 1
3546 -9
3547 -49
3548 -56
3549 -8
3550 104
3551 244
3552 356
3553 378
3554 262
3555 72
3556 -133
3557 -218
3558 -192
3559 -156
3560 -171
3561 -201
3562 -207
3563 -204
3564 -218
3565 -235
3566 -229
3567 -203
3568 -175
3569 -139
3570 -109
3571 -79
3572 -61
3573 -32
3574 -39
3575 -57
3576 -60
3577 -48
3578 -51
3579 -64
3580 -52
3581 -32
3582 -20
3583 -20
3584 -20
3585 -21
3586 -20
3587 -6
3588 -3
3589 -31
3590 -44
3591 -24
3592 -18
3593 -19
3594 -4
3595 -9
3596 -28
3597 -35
3598 -28
3599 -7
3600 19
3601 22
3602 19
3603 26
3604 44
3605 63
3606 76
3607 62
3608 49
3609 63
3610 67
3611 54
3612 60
3613 90
3614 124
3615 127
3616 106
3617 103
3618 120
3619 131
3620 120
3621 88
3622 80
3623 84
3624 77
3625 63
3626 45
3627 46
3628 53
3629 48
3630 19
3631 3
3632 4
3633 13
3634 -4
3635 -5
3636 -9
3637 -25
3638 -42
3639 -41
3640 -24
3641 -16
3642 -21
3643 -40
3644 -40
3645 -36
3646 -20
3647 -3
3648 -11
3649 -37
3650 -49
3651 -47
3652 -34
3653 -9
3654 -13
3655 -34
3656 -24
3657 -4
3658 -20
3659 -31
3660 -46
3661 -51
3662 -42
3663 -43
3664 -49
3665 -31
3666 -35
3667 -42
3668 -45
3669 -48
3670 -46
3671 -37
3672 -42
3673 -40
3674 -57
3675 -66
3676 -49
3677 -57
3678 -67
3679 -87
3680 -89
3681 -65
3682 -45
3683 -44
3684 -64
3685 -81
3686 -78
3687 -65
3688 -51
3689 -41
3690 -46
3691 -73
3692 -98
3693 -88
3694 -74
3695 -52
3696 -26
3697 -19
3698 -59
3699 -96
3700 -96
3701 -85
3702 -54
3703 -23
3704 -41
3705 -80
3706 -89
3707 -82
3708 -63
3709 -60
3710 -72
3711 -72
3712 -67
3713 -70
3714 -82
3715 -86
3716 -78
3717 -79
3718 -59
3719 -64
3720 -74
3721 -86
3722 -76
3723 -54
3724 -57
3725 -62
3726 -65
3727 -60
3728 -61
3729 -74
3730 -72
3731 -55
3732 -65
3733 -93
3734 -94
3735 -76
3736 -66
3737 -67
3738 -58
3739 -63
3740 -68
3741 -73
3742 -88
3743 -79
3744 -53
3745 -44
3746 -62
3747 -83
3748 -84
3749 -77
3750 -58
3751 -58
3752 -86
3753 -91
3754 -60
3755 -50
3756 -80
3757 -82
3758 -62
3759 -40
3760 -56
3761 -83
3762 -83
3763 -63
3764 -76
3765 -85
3766 -71
3767 -70
3768 -75
3769 -65
3770 -64
3771 -92
3772 -96
3773 -73
3774 -60
3775 -77
3776 -88
3777 -83
3778 -69
3779 -66
3780 -62
3781 -62
3782 -62
3783 -50
3784 -57
3785 -76
3786 -78
3787 -62
3788 -66
3789 -81
3790 -85
3791 -83
3792 -71
3793 -69
3794 -59
3795 -55
3796 -56
3797 -44
3798 -37
3799 -37
3800 -23
3801 -2
3802 -9
3803 -47
3804 -70
3805 -60
3806 -49
3807 -38
3808 -33
3809 -61
3810 -81
3811 -76
3812 -63
3813 -51
3814 -64
3815 -78
3816 -72
3817 -71
3818 -68
3819 -72
3820 -70
3821 -75
3822 -83
3823 -95
3824 -97
3825 -66
3826 -37
3827 5
3828 101
3829 215
3830 324
3831 358
3832 243
3833 84
3834 -87
3835 -182
3836 -179
3837 -151
3838 -118
3839 -86
3840 -82
3841 -69
3842 -74
3843 -98
3844 -96
3845 -76
3846 -75
3847 -88
3848 -105
3849 -103
3850 -100
3851 -92
3852 -82
3853 -93
3854 -91
3855 -91
3856 -81
3857 -84
3858 -86
3859 -89
3860 -91
3861 -101
3862 -100
3863 -77
3864 -88
3865 -102
3866 -94
3867 -70
3868 -54
3869 -44
3870 -61
3871 -87
3872 -96
3873 -67
3874 -58
3875 -64
3876 -64
3877 -48
3878 -44
3879 -60
3880 -52
3881 -26
3882 -23
3883 -29
3884 -40
3885 -27
3886 -10
3887 -18
3888 -19
3889 -29
3890 -43
3891 -36
3892 -11
3893 -2
3894 -11
3895 6
3896 20
3897 -17
3898 -44
3899 -23
3900 -13
3901 -18
3902 -13
3903 -13
3904 -14
3905 -17
3906 -10
3907 -2
3908 -5
3909 -2
3910 -5
3911 -10
3912 -9
3913 2
3914 0
3915 -24
3916 -26
3917 -11
3918 -3
3919 -23
3920 -40
3921 -56
3922 -65
3923 -48
3924 -28
3925 -48
3926 -72
3927 -62
3928 -49
3929 -50
3930 -49
3931 -39
3932 -43
3933 -43
3934 -28
3935 -31
3936 -44
3937 -58
3938 -56
3939 -41
3940 -50
3941 -41
3942 -24
3943 -24
3944 -22
3945 -16
3946 -3
3947 -9
3948 -5
3949 -16
3950 -23
3951 -29
3952 -37
3953 -50
3954 -41
3955 -48
3956 -50
3957 -37
3958 -30
3959 -41
3960 -54
3961 -53
3962 -44
3963 -36
3964 -39
3965 -33
3966 -34
3967 -38
3968 -61
3969 -62
3970 -45
3971 -47
3972 -83
3973 -101
3974 -83
3975 -66
3976 -60
3977 -65
3978 -71
3979 -65
3980 -44
3981 -49
3982 -77
3983 -70
3984 -35
3985 -39
3986 -84
3987 -109
3988 -75
3989 -42
3990 -63
3991 -92
3992 -93
3993 -75
3994 -61
3995 -57
3996 -54
3997 -62
3998 -51
3999 -60
4000 -101
4001 -116
4002 -87
4003 -78
4004 -90
4005 -83
4006 -72
4007 -66
4008 -77
4009 -92
4010 -91
4011 -74
4012 -74
4013 -86
4014 -82
4015 -75
4016 -66
4017 -62
4018 -69
4019 -84
4020 -83
4021 -78
4022 -72
4023 -50
4024 -59
4025 -61
4026 -37
4027 -8
4028 -13
4029 -39
4030 -54
4031 -52
4032 -37
4033 2
4034 -3
4035 -63
4036 -87
4037 -61
4038 -73
4039 -91
4040 -96
4041 -101
4042 -97
4043 -97
4044 -77
4045 -58
4046 -59
4047 -76
4048 -101
4049 -81
4050 -58
4051 -78
4052 -113
4053 -105
4054 -89
4055 -57
4056 -26
4057 36
4058 147
4059 274
4060 337
4061 268
4062 113
4063 -34
4064 -165
4065 -188
4066 -144
4067 -83
4068 -80
4069 -124
4070 -126
4071 -111
4072 -111
4073 -104
4074 -96
4075 -81
4076 -73
4077 -90
4078 -109
4079 -106
4080 -86
4081 -81
4082 -85
4083 -89
4084 -99
4085 -106
4086 -96
4087 -99
4088 -98
4089 -99
4090 -89
4091 -77
4092 -82
4093 -89
4094 -96
4095 -89
4096 -72
4097 -88
4098 -109
4099 -107
4100 -74
4101 -52
4102 -62
4103 -71
4104 -67
4105 -72
4106 -67
4107 -59
4108 -49
4109 -54
4110 -48
4111 -44
4112 -52
4113 -52
4114 -45
4115 -35
4116 -14
4117 -18
4118 -3
4119 20
4120 26
4121 12
4122 -28
4123 -29
4124 -5
4125 4
4126 -12
4127 -12
4128 1
4129 10
4130 11
4131 21
4132 18
4133 2
4134 -1
4135 29
4136 33
4137 1
4138 -9
4139 -5
4140 -34
4141 -50
4142 -45
4143 -38
4144 -30
4145 -38
4146 -48
4147 -48
4148 -27
4149 -26
4150 -59
4151 -87
4152 -86
4153 -76
4154 -56
4155 -75
4156 -72
4157 -64
4158 -69
4159 -77
4160 -88
4161 -87
4162 -67
4163 -57
4164 -35
4165 -26
4166 -73
4167 -93
4168 -73
4169 -49
4170 -31
4171 -34
4172 -56
4173 -77
4174 -71
4175 -50
4176 -26
4177 -31
4178 -50
4179 -49
4180 -26
4181 -61
4182 -94
4183 -88
4184 -58
4185 -33
4186 -33
4187 -34
4188 -40
4189 -49
4190 -83
4191 -111
4192 -99
4193 -64
4194 -69
4195 -83
4196 -76
4197 -53
4198 -57
4199 -74
4200 -76
4201 -62
4202 -44
4203 -59
4204 -84
4205 -66
4206 -50
4207 -62
4208 -83
4209 -82
4210 -64
4211 -77
4212 -89
4213 -85
4214 -77
4215 -50
4216 -41
4217 -48
4218 -68
4219 -110
4220 -117
4221 -87
4222 -68
4223 -70
4224 -63
4225 -66
4226 -58
4227 -64
4228 -77
4229 -73
4230 -40
4231 -26
4232 -60
4233 -88
4234 -96
4235 -99
4236 -93
4237 -63
4238 -77
4239 -110
4240 -108
4241 -80
4242 -61
4243 -69
4244 -90
4245 -87
4246 -71
4247 -62
4248 -86
4249 -94
4250 -72
4251 -30
4252 -24
4253 -43
4254 -30
4255 -14
4256 -34
4257 -62
4258 -63
4259 -43
4260 -12
4261 -13
4262 -41
4263 -55
4264 -64
4265 -78
4266 -114
4267 -117
4268 -100
4269 -85
4270 -88
4271 -99
4272 -89
4273 -84
4274 -94
4275 -93
4276 -88
4277 -63
4278 -57
4279 -66
4280 -71
4281 -82
4282 -87
4283 -57
4284 16
4285 101
4286 191
4287 291
4288 336
4289 236
4290 85
4291 -75
4292 -162
4293 -165
4294 -140
4295 -106
4296 -93
4297 -115
4298 -118
4299 -97
4300 -86
4301 -76
4302 -83
4303 -95
4304 -105
4305 -95
4306 -106
4307 -123
4308 -91
4309 -94
4310 -119
4311 -97
4312 -93
4313 -111
4314 -104
4315 -90
4316 -97
4317 -80
4318 -94
4319 -112
4320 -88
4321 -83
4322 -102
4323 -111
4324 -96
4325 -72
4326 -56
4327 -57
4328 -84
4329 -84
4330 -62
4331 -63
4332 -68
4333 -79
4334 -106
4335 -92
4336 -60
4337 -43
4338 -28
4339 -20
4340 -9
4341 -9
4342 -14
4343 -2
4344 0
4345 -10
4346 -20
4347 -22
4348 5
4349 0
4350 -22
4351 7
4352 24
4353 20
4354 15
4355 23
4356 19
4357 18
4358 29
4359 14
4360 -3
4361 1
4362 24
4363 18
4364 -1
4365 0
4366 9
4367 -5
4368 -16
4369 -2
4370 -19
4371 -32
4372 -49
4373 -61
4374 -78
4375 -63
4376 -57
4377 -60
4378 -63
4379 -101
4380 -138
4381 -133
4382 -115
4383 -100
4384 -95
4385 -84
4386 -84
4387 -92
4388 -84
4389 -68
4390 -87
4391 -84
4392 -69
4393 -64
4394 -46
4395 -36
4396 -20
4397 -14
4398 -13
4399 0
4400 1
4401 -45
4402 -80
4403 -6
4404 157
4405 295
4406 384
4407 382
4408 239
4409 40
4410 -145
4411 -189
4412 -152
4413 -92
4414 -43
4415 -16
4416 -33
4417 -46
4418 -78
4419 -101
4420 -89
4421 -71
4422 -70
4423 -57
4424 -57
4425 -69
4426 -60
4427 -51
4428 -62
4429 -68
4430 -67
4431 -56
4432 -45
4433 -54
4434 -56
4435 -32
4436 -14
4437 -34
4438 -35
4439 -43
4440 -62
4441 -56
4442 -51
4443 -72
4444 -84
4445 -59
4446 -28
4447 -35
4448 -62
4449 -59
4450 -43
4451 -30
4452 -23
4453 -8
4454 13
4455 19
4456 22
4457 8
4458 -34
4459 -29
4460 6
4461 23
4462 29
4463 18
4464 11
4465 0
4466 1
4467 16
4468 47
4469 59
4470 55
4471 43
4472 27
4473 34
4474 61
4475 65
4476 30
4477 15
4478 24
4479 33
4480 25
4481 22
4482 39
4483 11
4484 -42
4485 -60
4486 -48
4487 -29
4488 -26
4489 -43
4490 -38
4491 -19
4492 -23
4493 -35
4494 -45
4495 -35
4496 -20
4497 -46
4498 -69
4499 -62
4500 -31
4501 -9
4502 -17
4503 -38
4504 -21
4505 -1
4506 -11
4507 -46
4508 -42
4509 -35
4510 -54
4511 -57
4512 -20
4513 -18
4514 -44
4515 -56
4516 -29
4517 -15
4518 -25
4519 -51
4520 -67
4521 -59
4522 -42
4523 -17
4524 -13
4525 -33
4526 -44
4527 -53
4528 -43
4529 -53
4530 -64
4531 -52
4532 -31
4533 -26
4534 -37
4535 -73
4536 -78
4537 -65
4538 -24
4539 -12
4540 -25
4541 -44
4542 -54
4543 -61
4544 -74
4545 -84
4546 -74
4547 -59
4548 -43
4549 -53
4550 -61
4551 -64
4552 -54
4553 -28
4554 1
4555 -29
4556 -69
4557 -73
4558 -58
4559 -54
4560 -61
4561 -57
4562 -42
4563 -62
4564 -87
4565 -86
4566 -61
4567 -47
4568 -55
4569 -39
4570 -15
4571 -16
4572 -40
4573 -40
4574 -41
4575 -57
4576 -79
4577 -65
4578 -44
4579 -40
4580 -57
4581 -66
4582 -72
4583 -64
4584 -42
4585 -12
4586 -34
4587 -72
4588 -64
4589 -51
4590 -57
4591 -55
4592 -45
4593 -53
4594 -59
4595 -55
4596 -49
4597 -36
4598 -20
4599 -18
4600 -13
4601 -10
4602 -36
4603 -74
4604 -64
4605 -38
4606 -39
4607 -60
4608 -79
4609 -59
4610 -26
4611 -21
4612 -30
4613 -30
4614 -42
4615 -53
4616 -40
4617 -12
4618 -7
4619 -37
4620 -55
4621 -57
4622 -64
4623 -53
4624 -42
4625 -38
4626 -26
4627 -10
4628 -11
4629 -37
4630 -54
4631 -52
4632 -40
4633 -35
4634 -2
4635 -25
4636 -65
4637 -65
4638 -51
4639 -62
4640 -51
4641 -36
4642 -19
4643 -3
4644 -12
4645 -39
4646 -44
4647 -32
4648 -11
4649 -13
4650 -4
4651 20
4652 38
4653 47
4654 32
4655 36
4656 36
4657 25
4658 2
4659 -7
4660 10
4661 30
4662 3
4663 -24
4664 -43
4665 -32
4666 -24
4667 -49
4668 -69
4669 -43
4670 5
4671 45
4672 2
4673 -60
4674 -76
4675 -33
4676 -13
4677 -29
4678 -54
4679 -43
4680 19
4681 113
4682 180
4683 277
4684 359
4685 341
4686 188
4687 55
4688 -51
4689 -59
4690 -47
4691 -74
4692 -78
4693 -47
4694 -40
4695 -29
4696 -26
4697 -15
4698 -9
4699 -12
4700 -59
4701 -81
4702 -59
4703 -47
4704 -16
4705 -13
4706 -56
4707 -72
4708 -43
4709 -5
4710 3
4711 -32
4712 -50
4713 -43
4714 -43
4715 -40
4716 -64
4717 -80
4718 -59
4719 -21
4720 -22
4721 -41
4722 -37
4723 -30
4724 -43
4725 -35
4726 -48
4727 -60
4728 -53
4729 -32
4730 -11
4731 12
4732 33
4733 14
4734 1
4735 10
4736 4
4737 1
4738 17
4739 1
4740 -7
4741 27
4742 35
4743 0
4744 6
4745 49
4746 25
4747 12
4748 37
4749 37
4750 6
4751 5
4752 42
4753 54
4754 52
4755 47
4756 20
4757 -5
4758 -7
4759 27
4760 65
4761 53
4762 10
4763 -5
4764 9
4765 43
4766 41
4767 10
4768 2
4769 18
4770 -2
4771 -28
4772 -27
4773 -21
4774 -22
4775 -3
4776 -25
4777 -39
4778 -19
4779 -19
4780 -16
4781 5
4782 -11
4783 -46
4784 -35
4785 -52
4786 -61
4787 -52
4788 -37
4789 -27
4790 -1
4791 7
4792 -27
4793 -32
4794 9
4795 21
4796 21
4797 20
4798 -2
4799 -23
4800 -25
4801 -22
4802 -16
4803 -13
4804 -11
4805 1
4806 9
4807 22
4808 26
4809 19
4810 25
4811 35
4812 24
4813 5
4814 -38
4815 -58
4816 -18
4817 10
4818 -9
4819 -15
4820 5
4821 -19
4822 -58
4823 -65
4824 -48
4825 -28
4826 0
4827 7
4828 -45
4829 -83
4830 -66
4831 -47
4832 -31
4833 -19
4834 12
4835 19
4836 -21
4837 -68
4838 -77
4839 -32
4840 -2
4841 0
4842 -15
4843 -44
4844 -61
4845 -48
4846 -59
4847 -47
4848 3
4849 18
4850 -28
4851 -94
4852 -106
4853 -76
4854 -49
4855 -20
4856 -16
4857 -34
4858 -54
4859 -56
4860 -48
4861 -47
4862 -43
4863 -23
4864 -7
4865 -2
4866 -25
4867 -61
4868 -49
4869 -12
4870 0
4871 -11
4872 0
4873 23
4874 26
4875 24
4876 -6
4877 -15
4878 20
4879 20
4880 -14
4881 -49
4882 -42
4883 -62
4884 -78
4885 -57
4886 -50
4887 -60
4888 -80
4889 -95
4890 -85
4891 -55
4892 -45
4893 -53
4894 -54
4895 -47
4896 -40
4897 -24
4898 -25
4899 -20
4900 20
4901 143
4902 284
4903 400
4904 409
4905 268
4906 103
4907 -59
4908 -150
4909 -157
4910 -126
4911 -120
4912 -117
4913 -105
4914 -75
4915 -37
4916 -23
4917 -56
4918 -64
4919 -38
4920 -52
4921 -104
4922 -84
4923 -52
4924 -72
4925 -74
4926 -62
4927 -72
4928 -71
4929 -50
4930 -17
4931 -55
4932 -94
4933 -69
4934 -26
4935 -7
4936 -56
4937 -94
4938 -75
4939 -54
4940 -42
4941 -48
4942 -56
4943 -77
4944 -64
4945 -35
4946 -3
4947 -31
4948 -65
4949 -47
4950 -22
4951 -10
4952 -21
4953 -45
4954 -37
4955 -7
4956 18
4957 22
4958 1
4959 -20
4960 -16
4961 7
4962 17
4963 24
4964 42
4965 63
4966 74
4967 68
4968 50
4969 54
4970 52
4971 29
4972 29
4973 48
4974 67
4975 67
4976 62
4977 49
4978 24
4979 25
4980 40
4981 32
4982 25
4983 21
4984 10
4985 12
4986 15
4987 2
4988 -2
4989 -5
4990 -11
4991 -2
4992 -3
4993 -2
4994 12
4995 -9
4996 -55
4997 -59
4998 -52
4999 -50
5000 -39
5001 -31
5002 -28
5003 -6
5004 -1
5005 -12
5006 -30
5007 -29
5008 -9
5009 21
5010 24
5011 -24
5012 -54
5013 -40
5014 -16
5015 -9
5016 -10
5017 -31
5018 -27
5019 -25
5020 -33
5021 -12
5022 20
5023 10
5024 -9
5025 -9
5026 -6
5027 -17
5028 -28
5029 -26
5030 -28
5031 -26
5032 -9
5033 -4
5034 -10
5035 -19
5036 -22
5037 -11
5038 -16
5039 -28
5040 -28
5041 -10
5042 -2
5043 -6
5044 4
5045 10
5046 -3
5047 -20
5048 -20
5049 -1
5050 3
5051 -18
5052 -45
5053 -62
5054 -56
5055 -47
5056 -37
5057 -25
5058 -27
5059 -28
5060 -22
5061 -14
5062 -7
5063 -8
5064 -9
5065 -10
5066 6
5067 7
5068 -5
5069 -3
5070 -9
5071 -32
5072 -37
5073 -52
5074 -40
5075 -4
5076 0
5077 -23
5078 -49
5079 -46
5080 -42
5081 -45
5082 -40
5083 -15
5084 -7
5085 -11
5086 -4
5087 -6
5088 2
5089 22
5090 41
5091 69
5092 62
5093 23
5094 -1
5095 13
5096 31
5097 40
5098 29
5099 31
5100 18
5101 -25
5102 -74
5103 -60
5104 -24
5105 -9
5106 4
5107 -21
5108 -50
5109 -48
5110 -36
5111 -49
5112 -38
5113 -23
5114 -19
5115 -28
5116 -37
5117 -14
5118 62
5119 109
5120 208
5121 300
5122 395
5123 380
5124 236
5125 76
5126 -86
5127 -125
5128 -77
5129 -46
5130 -35
5131 -38
5132 -36
5133 -42
5134 -42
5135 -20
5136 -22
5137 -27
5138 -35
5139 -40
5140 -44
5141 -26
5142 -24
5143 -14
5144 -11
5145 -27
5146 -26
5147 -18
5148 -22
5149 -38
5150 -43
5151 -21
5152 20
5153 8
5154 -35
5155 -23
5156 10
5157 -8
5158 -39
5159 -39
5160 -30
5161 -15
5162 0
5163 13
5164 15
5165 17
5166 9
5167 30
5168 56
5169 55
5170 29
5171 22
5172 50
5173 52
5174 29
5175 45
5176 78
5177 74
5178 54
5179 73
5180 102
5181 92
5182 85
5183 93
5184 98
5185 115
5186 119
5187 112
5188 127
5189 149
5190 149
5191 143
5192 144
5193 144
5194 139
5195 130
5196 112
5197 99
5198 113
5199 122
5200 125
5201 114
5202 88
5203 82
5204 86
5205 95
5206 80
5207 52
5208 62
5209 92
5210 67
5211 27
5212 31
5213 36
5214 14
5215 11
5216 14
5217 28
5218 50
5219 52
5220 36
5221 40
5222 54
5223 48
5224 32
5225 55
5226 78
5227 47
5228 0
5229 10
5230 45
5231 46
5232 20
5233 11
5234 28
5235 48
5236 54
5237 45
5238 41
5239 48
5240 63
5241 63
5242 28
5243 9
5244 20
5245 49
5246 68
5247 71
5248 52
5249 39
5250 37
5251 14
5252 20
5253 54
5254 70
5255 46
5256 20
5257 14
5258 43
5259 73
5260 36
5261 2
5262 7
5263 12
5264 7
5265 -3
5266 -15
5267 -2
5268 7
5269 11
5270 12
5271 4
5272 0
5273 18
5274 40
5275 23
5276 -4
5277 0
5278 25
5279 34
5280 21
5281 0
5282 -20
5283 -8
5284 14
5285 32
5286 22
5287 24
5288 9
5289 -5
5290 -10
5291 -10
5292 7
5293 38
5294 14
5295 -34
5296 -15
5297 14
5298 6
5299 -11
5300 27
5301 68
5302 37
5303 21
5304 31
5305 46
5306 59
5307 67
5308 30
5309 12
5310 46
5311 56
5312 41
5313 33
5314 17
5315 4
5316 12
5317 26
5318 18
5319 1
5320 -9
5321 11
5322 4
5323 -22
5324 -36
5325 -7
5326 19
5327 34
5328 12
5329 -18
5330 -32
5331 11
5332 53
5333 37
5334 79
5335 203
5336 317
5337 387
5338 342
5339 203
5340 50
5341 -66
5342 -110
5343 -90
5344 -11
5345 16
5346 -38
5347 -64
5348 -24
5349 18
5350 -5
5351 -41
5352 -32
5353 -4
5354 -16
5355 -32
5356 -6
5357 29
5358 41
5359 31
5360 10
5361 -8
5362 -41
5363 -51
5364 -12
5365 7
5366 9
5367 18
5368 4
5369 -23
5370 -7
5371 19
5372 35
5373 19
5374 -20
5375 -23
5376 5
5377 23
5378 27
5379 26
5380 4
5381 3
5382 15
5383 26
5384 45
5385 79
5386 82
5387 68
5388 43
5389 37
5390 51
5391 65
5392 83
5393 85
5394 80
5395 70
5396 87
5397 127
5398 139
5399 120
5400 110
5401 111
5402 111
5403 105
5404 106
5405 102
5406 106
5407 128
5408 131
5409 139
5410 135
5411 135
5412 132
5413 108
5414 99
5415 83
5416 70
5417 73
5418 66
5419 49
5420 44
5421 56
5422 70
5423 59
5424 19
5425 16
5426 44
5427 51
5428 59
5429 37
5430 -5
5431 -18
5432 29
5433 47
5434 17
5435 0
5436 8
5437 15
5438 4
5439 -13
5440 -2
5441 19
5442 33
5443 45
5444 42
5445 31
5446 17
5447 14
5448 28
5449 28
5450 6
5451 10
5452 37
5453 53
5454 40
5455 10
5456 -1
5457 -1
5458 22
5459 46
5460 39
5461 33
5462 60
5463 35
5464 -10
5465 -16
5466 35
5467 67
5468 47
5469 0
5470 -3
5471 5
5472 25
5473 41
5474 45
5475 19
5476 -5
5477 -5
5478 -4
5479 6
5480 4
5481 -6
5482 -17
5483 -11
5484 1
5485 0
5486 3
5487 -11
5488 -5
5489 13
5490 33
5491 11
5492 -15
5493 0
5494 25
5495 1
5496 -44
5497 -45
5498 -21
5499 24
5500 28
5501 -15
5502 -54
5503 -46
5504 -19
5505 -1
5506 -19
5507 -27
5508 -17
5509 -18
5510 -27
5511 -12
5512 -8
5513 -14
5514 -17
5515 9
5516 45
5517 69
5518 84
5519 64
5520 41
5521 25
5522 42
5523 37
5524 -16
5525 -39
5526 -43
5527 -45
5528 -48
5529 -54
5530 -44
5531 -17
5532 -2
5533 -3
5534 -34
5535 -53
5536 -67
5537 -71
5538 -57
5539 -41
5540 -27
5541 -21
5542 -30
5543 -45
5544 -24
5545 41
5546 147
5547 268
5548 364
5549 364
5550 216
5551 66
5552 -61
5553 -93
5554 -63
5555 -53
5556 -71
5557 -59
5558 -31
5559 -10
5560 -10
5561 -28
5562 -39
5563 -71
5564 -78
5565 -37
5566 -7
5567 -37
5568 -56
5569 -54
5570 -62
5571 -68
5572 -44
5573 -35
5574 -50
5575 -48
5576 -35
5577 -46
5578 -48
5579 -40
5580 -52
5581 -53
5582 -26
5583 -6
5584 -17
5585 -36
5586 -42
5587 -46
5588 -31
5589 -36
5590 -49
5591 -43
5592 -27
5593 -31
5594 -26
5595 -36
5596 -38
5597 -5
5598 23
5599 1
5600 -8
5601 0
5602 0
5603 -17
5604 -16
5605 6
5606 23
5607 48
5608 47
5609 31
5610 41
5611 64
5612 58
5613 46
5614 61
5615 70
5616 87
5617 85
5618 50
5619 31
5620 62
5621 95
5622 92
5623 41
5624 8
5625 19
5626 27
5627 19
5628 15
5629 25
5630 17
5631 13
5632 18
5633 16
5634 -19
5635 -36
5636 -23
5637 -24
5638 -32
5639 -34
5640 -29
5641 -48
5642 -64
5643 -61
5644 -55
5645 -49
5646 -31
5647 -20
5648 -36
5649 -32
5650 -22
5651 -27
5652 -54
5653 -52
5654 -26
5655 -16
5656 11
5657 6
5658 -44
5659 -67
5660 -36
5661 -24
5662 -18
5663 -10
5664 -29
5665 -30
5666 -21
5667 -30
5668 -37
5669 -21
5670 -11
5671 -12
5672 -19
5673 -2
5674 1
5675 6
5676 -3
5677 -13
5678 -54
5679 -62
5680 -38
5681 -27
5682 -10
5683 -5
5684 -18
5685 -48
5686 -45
5687 -35
5688 -47
5689 -50
5690 -48
5691 -25
5692 -20
5693 -39
5694 -58
5695 -29
5696 -10
5697 -44
5698 -68
5699 -45
5700 -33
5701 -43
5702 -58
5703 -58
5704 -51
5705 -23
5706 -16
5707 -13
5708 -26
5709 -61
5710 -68
5711 -40
5712 -8
5713 -13
5714 -46
5715 -49
5716 -43
5717 -42
5718 -32
5719 -35
5720 -39
5721 -32
5722 -30
5723 -9
5724 5
5725 0
5726 -5
5727 -4
5728 10
5729 30
5730 33
5731 -3
5732 -21
5733 -1
5734 -17
5735 -47
5736 -67
5737 -76
5738 -81
5739 -68
5740 -76
5741 -80
5742 -56
5743 -48
5744 -61
5745 -68
5746 -43
5747 -27
5748 -46
5749 -83
5750 -91
5751 -86
5752 -51
5753 -18
5754 0
5755 22
5756 90
5757 187
5758 298
5759 340
5760 234
5761 78
5762 -91
5763 -175
5764 -163
5765 -120
5766 -76
5767 -71
5768 -71
5769 -60
5770 -43
5771 -53
5772 -56
5773 -58
5774 -68
5775 -72
5776 -78
5777 -92
5778 -87
5779 -73
5780 -64
5781 -71
5782 -70
5783 -79
5784 -98
5785 -92
5786 -77
5787 -64
5788 -63
5789 -65
5790 -69
5791 -61
5792 -55
5793 -56
5794 -58
5795 -61
5796 -56
5797 -53
5798 -45
5799 -51
5800 -47
5801 -38
5802 -37
5803 -40
5804 -40
5805 -33
5806 -27
5807 -28
5808 -20
5809 -10
5810 -2
5811 3
5812 15
5813 35
5814 37
5815 27
5816 35
5817 40
5818 32
5819 23
5820 43
5821 52
5822 28
5823 11
5824 45
5825 80
5826 67
5827 40
5828 51
5829 66
5830 55
5831 52
5832 44
5833 39
5834 52
5835 43
5836 34
5837 34
5838 24
5839 6
5840 -9
5841 -22
5842 -20
5843 -15
5844 -16
5845 -25
5846 -40
5847 -42
5848 -28
5849 -31
5850 -61
5851 -88
5852 -99
5853 -78
5854 -61
5855 -60
5856 -89
5857 -90
5858 -64
5859 -56
5860 -57
5861 -60
5862 -68
5863 -72
5864 -65
5865 -60
5866 -40
5867 -29
5868 -36
5869 -40
5870 -39
5871 -49
5872 -40
5873 -11
5874 -30
5875 -86
5876 -107
5877 -78
5878 -64
5879 -73
5880 -93
5881 -81
5882 -70
5883 -69
5884 -64
5885 -61
5886 -45
5887 -43
5888 -36
5889 -43
5890 -52
5891 -61
5892 -88
5893 -110
5894 -98
5895 -70
5896 -64
5897 -72
5898 -87
5899 -93
5900 -91
5901 -80
5902 -67
5903 -53
5904 -35
5905 -47
5906 -72
5907 -86
5908 -88
5909 -96
5910 -86
5911 -54
5912 -41
5913 -86
5914 -132
5915 -139
5916 -128
5917 -116
5918 -101
5919 -83
5920 -89
5921 -106
5922 -109
5923 -100
5924 -95
5925 -74
5926 -62
5927 -62
5928 -78
5929 -82
5930 -79
5931 -68
5932 -59
5933 -60
5934 -66
5935 -72
5936 -76
5937 -75
5938 -52
5939 -40
5940 -56
5941 -83
5942 -87
5943 -90
5944 -112
5945 -144
5946 -163
5947 -162
5948 -141
5949 -132
5950 -135
5951 -150
5952 -135
5953 -125
5954 -122
5955 -114
5956 -121
5957 -135
5958 -149
5959 -131
5960 -118
5961 -79
5962 -7
5963 90
5964 190
5965 292
5966 295
5967 145
5968 -2
5969 -172
5970 -230
5971 -197
5972 -178
5973 -164
5974 -148
5975 -151
5976 -150
5977 -128
5978 -125
5979 -147
5980 -149
5981 -148
5982 -138
5983 -145
5984 -163
5985 -165
5986 -156
5987 -160
5988 -155
5989 -155
5990 -146
5991 -141
5992 -141
5993 -137
5994 -137
5995 -139
5996 -136
5997 -138
5998 -140
5999 -147
6000 -147
6001 -141
6002 -144
6003 -161
6004 -148
6005 -120
6006 -127
6007 -144
6008 -163
6009 -151
6010 -132
6011 -126
6012 -115
6013 -108
6014 -98
6015 -111
6016 -103
6017 -92
6018 -78
6019 -84
6020 -82
6021 -82
6022 -72
6023 -75
6024 -70
6025 -54
6026 -43
6027 -41
6028 -43
6029 -30
6030 -25
6031 -6
6032 -8
6033 -16
6034 -15
6035 -15
6036 -14
6037 1
6038 -2
6039 -9
6040 -13
6041 -20
6042 -13
6043 -22
6044 -63
6045 -79
6046 -69
6047 -63
6048 -100
6049 -123
6050 -117
6051 -105
6052 -107
6053 -128
6054 -132
6055 -116
6056 -101
6057 -120
6058 -136
6059 -123
6060 -99
6061 -110
6062 -142
6063 -156
6064 -142
6065 -145
6066 -148
6067 -143
6068 -143
6069 -124
6070 -107
6071 -121
6072 -134
6073 -134
6074 -143
6075 -147
6076 -151
6077 -131
6078 -113
6079 -110
6080 -125
6081 -118
6082 -106
6083 -109
6084 -104
6085 -88
6086 -88
6087 -111
6088 -122
6089 -112
6090 -91
6091 -98
6092 -117
6093 -134
6094 -133
6095 -132
6096 -120
6097 -103
6098 -101
6099 -124
6100 -132
6101 -123
6102 -117
6103 -111
6104 -120
6105 -137
6106 -138
6107 -135
6108 -128
6109 -112
6110 -117
6111 -136
6112 -133
6113 -133
6114 -121
6115 -124
6116 -159
6117 -156
6118 -137
6119 -131
6120 -125
6121 -102
6122 -109
6123 -141
6124 -165
6125 -146
6126 -124
6127 -105
6128 -110
6129 -114
6130 -101
6131 -89
6132 -92
6133 -109
6134 -129
6135 -98
6136 -70
6137 -73
6138 -91
6139 -96
6140 -80
6141 -83
6142 -112
6143 -118
6144 -93
6145 -101
6146 -128
6147 -150
6148 -154
6149 -139
6150 -128
6151 -148
6152 -151
6153 -140
6154 -126
6155 -108
6156 -113
6157 -141
6158 -156
6159 -148
6160 -139
6161 -128
6162 -139
6163 -155
6164 -153
6165 -104
6166 -19
6167 103
6168 244
6169 356
6170 349
6171 187
6172 7
6173 -177
6174 -232
6175 -221
6176 -221
6177 -189
6178 -149
6179 -146
6180 -151
6181 -147
6182 -144
6183 -152
6184 -160
6185 -166
6186 -157
6187 -164
6188 -168
6189 -151
6190 -145
6191 -147
6192 -158
6193 -160
6194 -166
6195 -166
6196 -144
6197 -128
6198 -138
6199 -156
6200 -164
6201 -152
6202 -145
6203 -137
6204 -147
6205 -152
6206 -146
6207 -143
6208 -135
6209 -132
6210 -134
6211 -127
6212 -134
6213 -150
6214 -155
6215 -141
6216 -122
6217 -101
6218 -115
6219 -125
6220 -115
6221 -88
6222 -71
6223 -81
6224 -98
6225 -93
6226 -71
6227 -67
6228 -67
6229 -64
6230 -52
6231 -36
6232 -37
6233 -33
6234 -17
6235 -5
6236 -7
6237 -9
6238 -17
6239 -24
6240 -26
6241 -33
6242 -25
6243 -21
6244 -17
6245 -27
6246 -36
6247 -40
6248 -73
6249 -103
6250 -104
6251 -101
6252 -102
6253 -100
6254 -96
6255 -101
6256 -118
6257 -135
6258 -124
6259 -110
6260 -103
6261 -112
6262 -124
6263 -121
6264 -118
6265 -126
6266 -123
6267 -115
6268 -110
6269 -121
6270 -133
6271 -123
6272 -123
6273 -137
6274 -142
6275 -127
6276 -111
6277 -112
6278 -140
6279 -145
6280 -121
6281 -97
6282 -103
6283 -117
6284 -123
6285 -116
6286 -100
6287 -96
6288 -113
6289 -132
6290 -128
6291 -123
6292 -116
6293 -105
6294 -91
6295 -84
6296 -95
6297 -108
6298 -110
6299 -111
6300 -112
6301 -96
6302 -108
6303 -108
6304 -104
6305 -92
6306 -84
6307 -118
6308 -141
6309 -138
6310 -122
6311 -126
6312 -131
6313 -123
6314 -117
6315 -121
6316 -128
6317 -135
6318 -128
6319 -116
6320 -120
6321 -128
6322 -117
6323 -84
6324 -61
6325 -96
6326 -148
6327 -153
6328 -119
6329 -104
6330 -124
6331 -141
6332 -126
6333 -113
6334 -125
6335 -135
6336 -133
6337 -127
6338 -118
6339 -116
6340 -116
6341 -106
6342 -93
6343 -92
6344 -89
6345 -80
6346 -75
6347 -73
6348 -84
6349 -81
6350 -76
6351 -73
6352 -58
6353 -34
6354 -47
6355 -90
6356 -115
6357 -108
6358 -104
6359 -120
6360 -121
6361 -119
6362 -118
6363 -124
6364 -127
6365 -118
6366 -108
6367 -114
6368 -130
6369 -140
6370 -127
6371 -107
6372 -99
6373 -100
6374 -102
6375 -116
6376 -140
6377 -144
6378 -87
6379 -9
6380 79
6381 178
6382 295
6383 349
6384 240
6385 48
6386 -142
6387 -236
6388 -202
6389 -147
6390 -136
6391 -146
6392 -146
6393 -143
6394 -112
6395 -89
6396 -97
6397 -139
6398 -157
6399 -135
6400 -116
6401 -120
6402 -120
6403 -112
6404 -115
6405 -123
6406 -126
6407 -122
6408 -105
6409 -99
6410 -117
6411 -144
6412 -134
6413 -96
6414 -86
6415 -102
6416 -112
6417 -106
6418 -98
6419 -111
6420 -127
6421 -121
6422 -109
6423 -95
6424 -99
6425 -106
6426 -96
6427 -77
6428 -78
6429 -87
6430 -86
6431 -77
6432 -63
6433 -53
6434 -37
6435 -35
6436 -51
6437 -66
6438 -67
6439 -60
6440 -39
6441 -5
6442 -1
6443 3
6444 7
6445 -2
6446 -2
6447 -1
6448 4
6449 11
6450 24
6451 45
6452 43
6453 24
6454 10
6455 14
6456 26
6457 34
6458 19
6459 0
6460 -10
6461 -11
6462 -11
6463 -20
6464 -30
6465 -47
6466 -62
6467 -61
6468 -53
6469 -55
6470 -60
6471 -61
6472 -59
6473 -85
6474 -97
6475 -93
6476 -82
6477 -78
6478 -73
6479 -68
6480 -78
6481 -83
6482 -82
6483 -87
6484 -93
6485 -82
6486 -77
6487 -68
6488 -71
6489 -75
6490 -83
6491 -83
6492 -78
6493 -73
6494 -73
6495 -77
6496 -66
6497 -57
6498 -68
6499 -79
6500 -71
6501 -62
6502 -58
6503 -68
6504 -80
6505 -80
6506 -56
6507 -47
6508 -68
6509 -76
6510 -74
6511 -85
6512 -92
6513 -77
6514 -73
6515 -66
6516 -74
6517 -83
6518 -88
6519 -71
6520 -60
6521 -68
6522 -85
6523 -90
6524 -82
6525 -84
6526 -95
6527 -87
6528 -60
6529 -61
6530 -76
6531 -96
6532 -100
6533 -98
6534 -84
6535 -63
6536 -61
6537 -73
6538 -90
6539 -93
6540 -92
6541 -92
6542 -92
6543 -83
6544 -71
6545 -72
6546 -88
6547 -100
6548 -86
6549 -73
6550 -72
6551 -83
6552 -87
6553 -92
6554 -96
6555 -96
6556 -73
6557 -50
6558 -44
6559 -63
6560 -71
6561 -51
6562 -24
6563 -23
6564 -38
6565 -49
6566 -51
6567 -43
6568 -52
6569 -74
6570 -71
6571 -67
6572 -67
6573 -77
6574 -82
6575 -83
6576 -80
6577 -84
6578 -87
6579 -106
6580 -110
6581 -107
6582 -94
6583 -94
6584 -89
6585 -91
6586 -90
6587 -92
6588 -93
6589 -84
6590 -74
6591 -45
6592 17
6593 119
6594 247
6595 341
6596 325
6597 154
6598 -24
6599 -152
6600 -164
6601 -155
6602 -155
6603 -137
6604 -101
6605 -72
6606 -78
6607 -102
6608 -107
6609 -84
6610 -84
6611 -105
6612 -108
6613 -111
6614 -121
6615 -113
6616 -109
6617 -114
6618 -106
6619 -85
6620 -77
6621 -97
6622 -119
6623 -102
6624 -82
6625 -79
6626 -92
6627 -92
6628 -74
6629 -62
6630 -52
6631 -72
6632 -112
6633 -124
6634 -95
6635 -80
6636 -83
6637 -84
6638 -77
6639 -58
6640 -45
6641 -71
6642 -88
6643 -56
6644 -42
6645 -43
6646 -32
6647 -16
6648 -26
6649 -36
6650 -29
6651 -21
6652 -22
6653 -12
6654 -10
6655 -15
6656 -13
6657 25
6658 58
6659 54
6660 55
6661 56
6662 25
6663 10
6664 37
6665 84
6666 84
6667 29
6668 8
6669 35
6670 39
6671 38
6672 23
6673 -4
6674 -29
6675 -36
6676 -24
6677 -15
6678 -20
6679 -6
6680 1
6681 -51
6682 -82
6683 -81
6684 -74
6685 -43
6686 -33
6687 -70
6688 -56
6689 -39
6690 -75
6691 -93
6692 -84
6693 -65
6694 -42
6695 -44
6696 -57
6697 -75
6698 -98
6699 -78
6700 -63
6701 -50
6702 -49
6703 -47
6704 -53
6705 -62
6706 -56
6707 -35
6708 -23
6709 -67
6710 -92
6711 -76
6712 -65
6713 -59
6714 -47
6715 -36
6716 -40
6717 -48
6718 -47
6719 -54
6720 -50
6721 -46
6722 -28
6723 -55
6724 -84
6725 -66
6726 -53
6727 -48
6728 -53
6729 -68
6730 -54
6731 -38
6732 -42
6733 -66
6734 -86
6735 -75
6736 -56
6737 -36
6738 -24
6739 -82
6740 -111
6741 -77
6742 -31
6743 -24
6744 -64
6745 -90
6746 -71
6747 -57
6748 -49
6749 -35
6750 -70
6751 -107
6752 -89
6753 -70
6754 -72
6755 -46
6756 -47
6757 -64
6758 -54
6759 -68
6760 -77
6761 -79
6762 -74
6763 -76
6764 -79
6765 -62
6766 -61
6767 -62
6768 -66
6769 -62
6770 -37
6771 -28
6772 -34
6773 -18
6774 15
6775 20
6776 14
6777 -14
6778 -24
6779 -26
6780 -65
6781 -75
6782 -60
6783 -28
6784 -6
6785 -28
6786 -78
6787 -92
6788 -77
6789 -75
6790 -94
6791 -87
6792 -77
6793 -58
6794 -60
6795 -64
6796 -53
6797 -61
6798 -96
6799 -98
6800 -70
6801 -64
6802 -75
6803 -46
6804 4
6805 92
6806 221
6807 339
6808 364
6809 241
6810 63
6811 -124
6812 -192
6813 -177
6814 -122
6815 -53
6816 -17
6817 -63
6818 -101
6819 -102
6820 -86
6821 -60
6822 -52
6823 -74
6824 -92
6825 -88
6826 -109
6827 -106
6828 -73
6829 -74
6830 -92
6831 -86
6832 -43
6833 -74
6834 -120
6835 -93
6836 -56
6837 -47
6838 -52
6839 -81
6840 -106
6841 -107
6842 -99
6843 -87
6844 -68
6845 -63
6846 -67
6847 -68
6848 -52
6849 -46
6850 -46
6851 -46
6852 -34
6853 -24
6854 -31
6855 -45
6856 -25
6857 -14
6858 -52
6859 -37
6860 -5
6861 -30
6862 -54
6863 -41
6864 1
6865 18
6866 28
6867 28
6868 18
6869 27
6870 30
6871 29
6872 33
6873 33
6874 51
6875 60
6876 58
6877 72
6878 80
6879 86
6880 75
6881 59
6882 65
6883 51
6884 3
6885 -15
6886 -1
6887 23
6888 31
6889 3
6890 -16
6891 -4
6892 12
6893 -24
6894 -40
6895 -26
6896 -48
6897 -82
6898 -106
6899 -97
6900 -69
6901 -73
6902 -93
6903 -97
6904 -96
6905 -111
6906 -103
6907 -78
6908 -44
6909 -34
6910 -46
6911 -64
6912 -39
6913 -18
6914 -26
6915 -24
6916 -37
6917 -59
6918 -49
6919 -29
6920 -22
6921 -22
6922 -16
6923 -25
6924 20
6925 147
6926 284
6927 399
6928 431
6929 314
6930 127
6931 -44
6932 -109
6933 -104
6934 -92
6935 -58
6936 -6
6937 12
6938 2
6939 -15
6940 -39
6941 -56
6942 -51
6943 -48
6944 -59
6945 -73
6946 -62
6947 -53
6948 -38
6949 -16
6950 -39
6951 -66
6952 -52
6953 -45
6954 -47
6955 -36
6956 -19
6957 -20
6958 -26
6959 -41
6960 -63
6961 -37
6962 15
6963 7
6964 -41
6965 -61
6966 -42
6967 -14
6968 -20
6969 -53
6970 -64
6971 -40
6972 -13
6973 7
6974 6
6975 -14
6976 -44
6977 -32
6978 -22
6979 -15
6980 6
6981 30
6982 30
6983 27
6984 30
6985 0
6986 -7
6987 13
6988 33
6989 36
6990 5
6991 0
6992 21
6993 49
6994 46
6995 23
6996 22
6997 27
6998 19
6999 11
7000 29
7001 25
7002 9
7003 10
7004 26
7005 27
7006 14
7007 -20
7008 -42
7009 -27
7010 -9
7011 -4
7012 6
7013 -13
7014 -52
7015 -49
7016 -44
7017 -30
7018 -30
7019 -45
7020 -40
7021 -9
7022 15
7023 16
7024 3
7025 -29
7026 -61
7027 -53
7028 -9
7029 18
7030 13
7031 -22
7032 -28
7033 -11
7034 -1
7035 -12
7036 -13
7037 -17
7038 -17
7039 -27
7040 -24
7041 -4
7042 20
7043 -4
7044 -70
7045 -85
7046 -47
7047 -21
7048 -15
7049 -28
7050 -42
7051 -36
7052 -34
7053 -35
7054 -36
7055 -35
7056 -32
7057 -46
7058 -33
7059 -44
7060 -60
7061 -52
7062 -38
7063 -39
7064 -44
7065 -63
7066 -54
7067 -28
7068 -10
7069 -38
7070 -52
7071 -44
7072 -39
7073 -47
7074 -33
7075 -16
7076 -34
7077 -45
7078 -57
7079 -71
7080 -68
7081 -55
7082 -16
7083 -2
7084 -56
7085 -89
7086 -76
7087 -55
7088 -46
7089 -38
7090 -36
7091 -65
7092 -71
7093 -56
7094 -25
7095 -11
7096 -39
7097 -54
7098 -42
7099 -19
7100 -32
7101 -39
7102 -28
7103 -52
7104 -80
7105 -70
7106 -69
7107 -73
7108 -66
7109 -50
7110 -39
7111 -17
7112 -29
7113 -46
7114 -45
7115 -42
7116 -53
7117 -58
7118 -53
7119 -51
7120 -56
7121 -33
7122 -6
7123 -31
7124 -81
7125 -72
7126 -56
7127 -43
7128 -31
7129 -37
7130 -57
7131 -50
7132 -40
7133 -48
7134 -61
7135 -51
7136 -30
7137 -15
7138 -30
7139 -63
7140 -71
7141 -46
7142 -31
7143 -49
7144 -79
7145 -87
7146 -64
7147 -47
7148 -54
7149 -52
7150 -28
7151 -34
7152 -58
7153 -73
7154 -59
7155 -27
7156 -11
7157 -12
7158 -21
7159 -22
7160 -47
7161 -69
7162 -90
7163 -80
7164 -47
7165 -20
7166 -18
7167 -26
7168 -54
7169 -64
7170 -39
7171 -26
7172 -51
7173 -60
7174 -56
7175 -31
7176 -36
7177 -46
7178 -35
7179 -15
7180 -18
7181 -29
7182 -13
7183 10
7184 2
7185 -1
7186 11
7187 7
7188 0
7189 -2
7190 0
7191 21
7192 21
7193 -20
7194 -78
7195 -105
7196 -78
7197 -50
7198 -46
7199 -56
7200 -76
7201 -86
7202 -64
7203 -55
7204 -54
7205 -53
7206 -36
7207 -27
7208 -31
7209 -36
7210 -28
7211 25
7212 138
7213 251
7214 357
7215 384
7216 250
7217 91
7218 -46
7219 -112
7220 -91
7221 -75
7222 -76
7223 -56
7224 -50
7225 -46
7226 -46
7227 -37
7228 -60
7229 -98
7230 -93
7231 -72
7232 -76
7233 -74
7234 -60
7235 -61
7236 -62
7237 -50
7238 -60
7239 -56
7240 -47
7241 -53
7242 -77
7243 -90
7244 -80
7245 -77
7246 -93
7247 -94
7248 -78
7249 -52
7250 -44
7251 -52
7252 -64
7253 -67
7254 -40
7255 -32
7256 -43
7257 -39
7258 -39
7259 -51
7260 -72
7261 -57
7262 -23
7263 1
7264 -16
7265 -48
7266 -45
7267 -22
7268 -1
7269 -4
7270 -12
7271 17
7272 62
7273 21
7274 -37
7275 -41
7276 -33
7277 -12
7278 11
7279 19
7280 12
7281 19
7282 16
7283 0
7284 -3
7285 12
7286 29
7287 23
7288 12
7289 27
7290 35
7291 16
7292 -10
7293 -21
7294 -13
7295 5
7296 1
7297 -17
7298 -14
7299 11
7300 3
7301 -10
7302 -16
7303 -29
7304 -46
7305 -40
7306 -16
7307 -1
7308 -16
7309 -11
7310 -12
7311 -28
7312 -32
7313 -39
7314 -54
7315 -26
7316 0
7317 -6
7318 -28
7319 -45
7320 -34
7321 -12
7322 5
7323 -7
7324 -17
7325 -14
7326 -7
7327 17
7328 35
7329 20
7330 2
7331 -8
7332 -22
7333 -24
7334 -10
7335 -2
7336 6
7337 0
7338 -9
7339 -8
7340 2
7341 25
7342 4
7343 -34
7344 -48
7345 -33
7346 -16
7347 -7
7348 -13
7349 -27
7350 -59
7351 -70
7352 -36
7353 -11
7354 -20
7355 -35
7356 -45
7357 -47
7358 -51
7359 -63
7360 -56
7361 -35
7362 -17
7363 -38
7364 -51
7365 -41
7366 -21
7367 -31
7368 -35
7369 -41
7370 -48
7371 -37
7372 -44
7373 -64
7374 -35
7375 -22
7376 -49
7377 -80
7378 -75
7379 -48
7380 -36
7381 -42
7382 -39
7383 -43
7384 -52
7385 -45
7386 -57
7387 -51
7388 -52
7389 -55
7390 -57
7391 -39
7392 -16
7393 -29
7394 -62
7395 -72
7396 -58
7397 -31
7398 -35
7399 -63
7400 -73
7401 -59
7402 -44
7403 -50
7404 -44
7405 -51
7406 -42
7407 -36
7408 -6
7409 1
7410 -8
7411 -9
7412 12
7413 23
7414 29
7415 -8
7416 -47
7417 -43
7418 -8
7419 -1
7420 -26
7421 -51
7422 -53
7423 -40
7424 -29
7425 -26
7426 -44
7427 -65
7428 -66
7429 -39
7430 -26
7431 -42
7432 -65
7433 -84
7434 -73
7435 -66
7436 -64
7437 -69
7438 -45
7439 -1
7440 64
7441 167
7442 286
7443 378
7444 372
7445 238
7446 61
7447 -106
7448 -145
7449 -95
7450 -53
7451 -62
7452 -92
7453 -86
7454 -66
7455 -36
7456 -39
7457 -74
7458 -89
7459 -70
7460 -62
7461 -77
7462 -76
7463 -61
7464 -55
7465 -53
7466 -59
7467 -68
7468 -76
7469 -67
7470 -60
7471 -53
7472 -47
7473 -52
7474 -80
7475 -74
7476 -57
7477 -43
7478 -31
7479 -48
7480 -74
7481 -69
7482 -54
7483 -49
7484 -42
7485 -38
7486 -31
7487 -36
7488 -38
7489 -37
7490 -11
7491 14
7492 5
7493 -27
7494 -20
7495 -6
7496 -8
7497 10
7498 20
7499 -8
7500 -26
7501 2
7502 29
7503 22
7504 25
7505 43
7506 42
7507 22
7508 30
7509 51
7510 62
7511 50
7512 26
7513 25
7514 38
7515 46
7516 48
7517 45
7518 40
7519 39
7520 46
7521 39
7522 23
7523 11
7524 4
7525 1
7526 -9
7527 -17
7528 -12
7529 -10
7530 -21
7531 -30
7532 -33
7533 -21
7534 -19
7535 -17
7536 -17
7537 -9
7538 1
7539 9
7540 -17
7541 -68
7542 -81
7543 -68
7544 -59
7545 -54
7546 -46
7547 -34
7548 -24
7549 -24
7550 -28
7551 -28
7552 -22
7553 -17
7554 -14
7555 -2
7556 7
7557 -4
7558 -12
7559 -19
7560 -12
7561 8
7562 44
7563 32
7564 -24
7565 -63
7566 -58
7567 -50
7568 -46
7569 -37
7570 -35
7571 -32
7572 -28
7573 -23
7574 -3
7575 1
7576 -43
7577 -89
7578 -74
7579 -40
7580 -31
7581 -38
7582 -46
7583 -45
7584 -33
7585 -32
7586 -34
7587 -30
7588 -20
7589 -17
7590 -31
7591 -32
7592 -36
7593 -36
7594 -20
7595 -8
7596 -4
7597 -18
7598 -36
7599 -27
7600 -24
7601 -51
7602 -54
7603 -49
7604 -66
7605 -77
7606 -69
7607 -57
7608 -44
7609 -27
7610 -28
7611 -40
7612 -30
7613 -9
7614 -21
7615 -52
7616 -62
7617 -35
7618 -23
7619 -18
7620 -14
7621 -20
7622 -40
7623 -55
7624 -62
7625 -51
7626 -31
7627 -24
7628 -26
7629 -26
7630 -28
7631 -22
7632 -2
7633 -11
7634 -26
7635 -30
7636 -12
7637 9
7638 19
7639 2
7640 4
7641 14
7642 10
7643 11
7644 12
7645 9
7646 -11
7647 -40
7648 -36
7649 -17
7650 -16
7651 -25
7652 -39
7653 -37
7654 -27
7655 -27
7656 -36
7657 -35
7658 -23
7659 -8
7660 -20
7661 -32
7662 -50
7663 -68
7664 -70
7665 -51
7666 -30
7667 -17
7668 25
7669 133
7670 249
7671 350
7672 393
7673 319
7674 171
7675 16
7676 -108
7677 -145
7678 -113
7679 -50
7680 -31
7681 -55
7682 -63
7683 -36
7684 -32
7685 -52
7686 -54
7687 -43
7688 -30
7689 -40
7690 -56
7691 -48
7692 -45
7693 -66
7694 -60
7695 -54
7696 -60
7697 -57
7698 -52
7699 -42
7700 -24
7701 -20
7702 -34
7703 -45
7704 -62
7705 -50
7706 -28
7707 -16
7708 -20
7709 -23
7710 -38
7711 -56
7712 -49
7713 -32
7714 -27
7715 -30
7716 -20
7717 -27
7718 -39
7719 -38
7720 -3
7721 12
7722 -5
7723 -16
7724 -6
7725 15
7726 29
7727 19
7728 24
7729 38
7730 47
7731 47
7732 44
7733 49
7734 50
7735 55
7736 79
7737 95
7738 71
7739 39
7740 44
7741 49
7742 52
7743 54
7744 50
7745 51
7746 56
7747 63
7748 62
7749 60
7750 50
7751 36
7752 28
7753 22
7754 15
7755 16
7756 35
7757 27
7758 11
7759 27
7760 43
7761 -1
7762 -46
7763 -59
7764 -47
7765 -25
7766 -9
7767 9
7768 14
7769 5
7770 -10
7771 -10
7772 -16
7773 -13
7774 -24
7775 -54
7776 -68
7777 -54
7778 -44
7779 -30
7780 -20
7781 -9
7782 13
7783 5
7784 -8
7785 6
7786 44
7787 26
7788 -32
7789 -64
7790 -52
7791 -18
7792 31
7793 38
7794 0
7795 -27
7796 -22
7797 -7
7798 1
7799 2
7800 -21
7801 -35
7802 -25
7803 -8
7804 -10
7805 -13
7806 -1
7807 -15
7808 -22
7809 -17
7810 -16
7811 -36
7812 -23
7813 -22
7814 -30
7815 -41
7816 -50
7817 -20
7818 18
7819 15
7820 -19
7821 -58
7822 -51
7823 -41
7824 -25
7825 23
7826 4
7827 -56
7828 -58
7829 -16
7830 0
7831 -24
7832 -67
7833 -68
7834 -29
7835 -26
7836 -16
7837 -3
7838 -28
7839 -52
7840 -51
7841 -35
7842 -4
7843 -4
7844 -37
7845 -60
7846 -54
7847 -31
7848 -8
7849 -8
7850 -25
7851 -34
7852 -37
7853 -31
7854 -23
7855 -30
7856 -44
7857 -47
7858 -29
7859 -19
7860 0
7861 11
7862 -13
7863 -36
7864 -13
7865 12
7866 45
7867 55
7868 67
7869 61
7870 38
7871 12
7872 -16
7873 -42
7874 -54
7875 -44
7876 -27
7877 -16
7878 -13
7879 -23
7880 -32
7881 -32
7882 -38
7883 -20
7884 -33
7885 -64
7886 -64
7887 -55
7888 -44
7889 -40
7890 -34
7891 -23
7892 -4
7893 -11
7894 21
7895 87
7896 198
7897 322
7898 378
7899 328
7900 202
7901 39
7902 -120
7903 -150
7904 -109
7905 -64
7906 -39
7907 -32
7908 -44
7909 -47
7910 -51
7911 -42
7912 -20
7913 -59
7914 -93
7915 -78
7916 -39
7917 -47
7918 -54
7919 -41
7920 -30
7921 0
7922 -9
7923 -67
7924 -87
7925 -59
7926 -49
7927 -57
7928 -35
7929 12
7930 -17
7931 -59
7932 -64
7933 -57
7934 -32
7935 -21
7936 -30
7937 -63
7938 -55
7939 -11
7940 -32
7941 -57
7942 -42
7943 -28
7944 -36
7945 -36
7946 -13
7947 -9
7948 -27
7949 -8
7950 19
7951 28
7952 13
7953 3
7954 16
7955 46
7956 65
7957 37
7958 -3
7959 11
7960 46
7961 62
7962 70
7963 76
7964 53
7965 35
7966 54
7967 70
7968 70
7969 59
7970 38
7971 56
7972 84
7973 77
7974 48
7975 45
7976 58
7977 76
7978 48
7979 6
7980 -6
7981 -11
7982 -14
7983 -13
7984 -17
7985 -11
7986 -9
7987 -20
7988 -31
7989 -25
7990 -44
7991 -45
7992 -27
7993 -20
7994 -28
7995 -36
7996 -22
7997 -21
7998 -29
7999 -30
8000 -25
8001 -15
8002 -26
8003 -2
8004 20
8005 -5
8006 -44
8007 -48
8008 -29
8009 -2
8010 4
8011 -30
8012 -37
8013 -16
8014 -10
8015 -7
8016 2
8017 -12
8018 -37
8019 -32
8020 -10
8021 -16
8022 -44
8023 -45
8024 -17
8025 -12
8026 -8
8027 -6
8028 -20
8029 -11
8030 -21
8031 -20
8032 -3
8033 -21
8034 -24
8035 -41
8036 -37
8037 -35
8038 -32
8039 -34
8040 -31
8041 -31
8042 -59
8043 -59
8044 -28
8045 0
8046 -33
8047 -70
8048 -55
8049 -27
8050 -35
8051 -31
8052 -42
8053 -67
8054 -70
8055 -68
8056 -43
8057 -37
8058 -33
8059 -20
8060 -26
8061 -37
8062 -39
8063 -32
8064 -33
8065 -66
8066 -81
8067 -53
8068 -9
8069 -16
8070 -41
8071 -43
8072 -46
8073 -54
8074 -64
8075 -52
8076 -34
8077 -25
8078 -61
8079 -73
8080 -55
8081 -31
8082 -41
8083 -56
8084 -49
8085 -45
8086 -32
8087 -11
8088 -40
8089 -45
8090 8
8091 51
8092 54
8093 40
8094 -4
8095 -49
8096 -19
8097 5
8098 -24
8099 -36
8100 -32
8101 -40
8102 -62
8103 -66
8104 -33
8105 -43
8106 -63
8107 -46
8108 -50
8109 -34
8110 -32
8111 -64
8112 -92
8113 -66
8114 -43
8115 -45
8116 -34
8117 -41
8118 -73
8119 -56
8120 36
8121 160
8122 278
8123 350
8124 343
8125 211
8126 29
8127 -134
8128 -183
8129 -141
8130 -101
8131 -77
8132 -73
8133 -68
8134 -58
8135 -57
8136 -36
8137 -38
8138 -62
8139 -59
8140 -40
8141 -16
8142 -47
8143 -85
8144 -86
8145 -51
8146 -69
8147 -107
8148 -101
8149 -80
8150 -70
8151 -53
8152 -41
8153 -62
8154 -85
8155 -73
8156 -47
8157 -26
8158 -49
8159 -60
8160 -31
8161 -13
8162 -40
8163 -70
8164 -87
8165 -67
8166 -46
8167 -44
8168 -47
8169 -38
8170 -30
8171 -13
8172 -9
8173 -4
8174 18
8175 16
8176 -5
8177 -9
8178 3
8179 0
8180 24
8181 48
8182 20
8183 -8
8184 0
8185 41
8186 73
8187 59
8188 36
8189 15
8190 25
8191 35
8192 40
8193 42
8194 66
8195 83
8196 58
8197 33
8198 51
8199 78
8200 61
8201 13
8202 -4
8203 38
8204 49
8205 8
8206 -16
8207 -24
8208 -26
8209 -14
8210 -32
8211 -48
8212 -31
8213 -5
8214 12
8215 6
8216 -52
8217 -79
8218 -70
8219 -34
8220 -20
8221 -47
8222 -59
8223 -46
8224 -40
8225 -41
8226 -31
8227 -18
8228 -9
8229 -24
8230 -38
8231 -25
8232 -29
8233 -29
8234 -23
8235 -14
8236 -4
8237 -2
8238 -27
8239 -29
8240 -13
8241 11
8242 4
8243 -27
8244 -39
8245 -32
8246 -16
8247 -11
8248 9
8249 23
8250 3
8251 -24
8252 -30
8253 -22
8254 10
8255 5
8256 -42
8257 -64
8258 -57
8259 -39
8260 -40
8261 -24
8262 0
8263 -15
8264 -38
8265 -36
8266 -2
8267 -18
8268 -61
8269 -67
8270 -48
8271 -35
8272 -45
8273 -46
8274 -36
8275 -28
8276 -20
8277 -19
8278 -8
8279 15
8280 -2
8281 -45
8282 -48
8283 -38
8284 -55
8285 -61
8286 -55
8287 -50
8288 -23
8289 -5
8290 -30
8291 -53
8292 -52
8293 -54
8294 -54
8295 -45
8296 -39
8297 -41
8298 -51
8299 -53
8300 -44
8301 -32
8302 -14
8303 -4
8304 2
8305 -2
8306 -24
8307 -47
8308 -39
8309 -24
8310 -25
8311 -44
8312 -53
8313 -45
8314 -28
8315 -18
8316 -5
8317 -6
8318 -10
8319 6
8320 12
8321 20
8322 11
8323 20
8324 22
8325 8
8326 -7
8327 -25
8328 -40
8329 -59
8330 -59
8331 -46
8332 -41
8333 -45
8334 -36
8335 -35
8336 -50
8337 -64
8338 -54
8339 -32
8340 -24
8341 -18
8342 -37
8343 -58
8344 -65
8345 -58
8346 -34
8347 13
8348 107
8349 229
8350 321
8351 349
8352 260
8353 120
8354 -40
8355 -136
8356 -134
8357 -107
8358 -87
8359 -71
8360 -59
8361 -58
8362 -56
8363 -69
8364 -71
8365 -61
8366 -59
8367 -54
8368 -41
8369 -35
8370 -45
8371 -59
8372 -62
8373 -59
8374 -45
8375 -40
8376 -67
8377 -72
8378 -50
8379 -48
8380 -72
8381 -69
8382 -57
8383 -52
8384 -57
8385 -48
8386 -50
8387 -58
8388 -54
8389 -46
8390 -51
8391 -38
8392 -24
8393 -18
8394 -24
8395 -37
8396 -40
8397 -27
8398 -2
8399 19
8400 3
8401 -38
8402 -52
8403 -37
8404 2
8405 36
8406 50
8407 46
8408 28
8409 7
8410 7
8411 30
8412 36
8413 29
8414 23
8415 22
8416 35
8417 45
8418 51
8419 57
8420 69
8421 60
8422 32
8423 24
8424 43
8425 57
8426 66
8427 66
8428 46
8429 36
8430 26
8431 14
8432 5
8433 4
8434 7
8435 -15
8436 -44
8437 -34
8438 -7
8439 9
8440 9
8441 -21
8442 -37
8443 -38
8444 -47
8445 -60
8446 -51
8447 -38
8448 -19
8449 -18
8450 -25
8451 -37
8452 -38
8453 -52
8454 -54
8455 -41
8456 -28
8457 -24
8458 -21
8459 -18
8460 13
8461 20
8462 -15
8463 -41
8464 -27
8465 12
8466 14
8467 -18
8468 -31
8469 -22
8470 -28
8471 -41
8472 -28
8473 -16
8474 -15
8475 -25
8476 -36
8477 -36
8478 -35
8479 -11
8480 -6
8481 -27
8482 -48
8483 -44
8484 -34
8485 -28
8486 -15
8487 -17
8488 -27
8489 -40
8490 -45
8491 -44
8492 -29
8493 -31
8494 -40
8495 -43
8496 -38
8497 -34
8498 -16
8499 -16
8500 -37
8501 -49
8502 -33
8503 -14
8504 -2
8505 -24
8506 -59
8507 -73
8508 -59
8509 -54
8510 -64
8511 -63
8512 -60
8513 -48
8514 -41
8515 -46
8516 -60
8517 -53
8518 -29
8519 -17
8520 -16
8521 -44
8522 -59
8523 -48
8524 -31
8525 -31
8526 -42
8527 -49
8528 -60
8529 -70
8530 -57
8531 -44
8532 -37
8533 -32
8534 -23
8535 -27
8536 -11
8537 30
8538 48
8539 30
8540 9
8541 -5
8542 -10
8543 -16
8544 -24
8545 -19
8546 -21
8547 -27
8548 -42
8549 -57
8550 -53
8551 -45
8552 -49
8553 -54
8554 -56
8555 -48
8556 -53
8557 -63
8558 -63
8559 -50
8560 -54
8561 -60
8562 -60
8563 -47
8564 -43
8565 -40
8566 -12
8567 34
8568 98
8569 173
8570 274
8571 316
8572 203
8573 72
8574 -71
8575 -129
8576 -113
8577 -81
8578 -73
8579 -79
8580 -71
8581 -49
8582 -59
8583 -79
8584 -85
8585 -75
8586 -30
8587 -28
8588 -78
8589 -101
8590 -89
8591 -60
8592 -49
8593 -63
8594 -104
8595 -117
8596 -95
8597 -49
8598 -29
8599 -45
8600 -57
8601 -80
8602 -103
8603 -81
8604 -42
8605 -71
8606 -117
8607 -98
8608 -76
8609 -54
8610 -47
8611 -54
8612 -57
8613 -13
8614 -19
8615 -86
8616 -106
8617 -68
8618 -32
8619 -32
8620 -63
8621 -68
8622 -37
8623 0
8624 -9
8625 -39
8626 -36
8627 -13
8628 32
8629 32
8630 8
8631 -1
8632 28
8633 26
8634 5
8635 8
8636 8
8637 9
8638 25
8639 33
8640 33
8641 23
8642 22
8643 14
8644 15
8645 33
8646 42
8647 13
8648 -31
8649 -37
8650 -3
8651 11
8652 -27
8653 -58
8654 -56
8655 -45
8656 -51
8657 -58
8658 -60
8659 -57
8660 -61
8661 -84
8662 -83
8663 -61
8664 -64
8665 -63
8666 -61
8667 -43
8668 -6
8669 -40
8670 -100
8671 -126
8672 -101
8673 -82
8674 -56
8675 -44
8676 -51
8677 -44
8678 -38
8679 -57
8680 -75
8681 -70
8682 -50
8683 -41
8684 -36
8685 -34
8686 -33
8687 -47
8688 -58
8689 -38
8690 -11
8691 -61
8692 -79
8693 -54
8694 -30
8695 -28
8696 -34
8697 -34
8698 -59
8699 -101
8700 -73
8701 -28
8702 -16
8703 -44
8704 -63
8705 -67
8706 -56
8707 -52
8708 -10
8709 -24
8710 -59
8711 -75
8712 -99
8713 -103
8714 -81
8715 -76
8716 -65
8717 -35
8718 -78
8719 -121
8720 -88
8721 -45
8722 -56
8723 -72
8724 -54
8725 -50
8726 -43
8727 -20
8728 -20
8729 -83
8730 -127
8731 -110
8732 -95
8733 -100
8734 -71
8735 -80
8736 -95
8737 -89
8738 -63
8739 -42
8740 -60
8741 -93
8742 -53
8743 -53
8744 -112
8745 -113
8746 -77
8747 -39
8748 -36
8749 -62
8750 -70
8751 -60
8752 -23
8753 -15
8754 -34
8755 -22
8756 -19
8757 5
8758 -10
8759 -69
8760 -64
8761 -45
8762 -68
8763 -109
8764 -98
8765 -83
8766 -79
8767 -87
8768 -104
8769 -106
8770 -71
8771 -56
8772 -83
8773 -99
8774 -117
8775 -133
8776 -110
8777 -79
8778 -66
8779 -75
8780 -96
8781 -107
8782 -76
8783 16
8784 123
8785 253
8786 346
8787 311
8788 174
8789 15
8790 -157
8791 -207
8792 -182
8793 -164
8794 -156
8795 -116
8796 -68
8797 -86
8798 -102
8799 -118
8800 -147
8801 -146
8802 -126
8803 -115
8804 -100
8805 -100
8806 -128
8807 -133
8808 -92
8809 -102
8810 -118
8811 -122
8812 -107
8813 -113
8814 -105
8815 -100
8816 -100
8817 -82
8818 -112
8819 -113
8820 -96
8821 -106
8822 -104
8823 -93
8824 -125
8825 -113
8826 -96
8827 -98
8828 -85
8829 -69
8830 -78
8831 -113
8832 -90
8833 -88
8834 -102
8835 -79
8836 -66
8837 -64
8838 -44
8839 -48
8840 -60
8841 -69
8842 -70
8843 -69
8844 -60
8845 -18
8846 -16
8847 -41
8848 -21
8849 16
8850 32
8851 45
8852 -1
8853 -38
8854 -24
8855 -18
8856 -28
8857 -16
8858 13
8859 27
8860 11
8861 -2
8862 -5
8863 -26
8864 -49
8865 -48
8866 -58
8867 -45
8868 -27
8869 -32
8870 -7
8871 7
8872 -83
8873 -150
8874 -106
8875 -74
8876 -94
8877 -123
8878 -87
8879 -48
8880 -49
8881 -88
8882 -106
8883 -136
8884 -142
8885 -80
8886 -45
8887 -68
8888 -103
8889 -79
8890 -97
8891 -128
8892 -107
8893 -73
8894 -59
8895 -69
8896 -101
8897 -109
8898 -99
8899 -88
8900 -62
8901 -44
8902 -75
8903 -88
8904 -74
8905 -68
8906 -67
8907 -50
8908 -59
8909 -46
8910 -27
8911 -63
8912 -120
8913 -133
8914 -107
8915 -94
8916 -102
8917 -110
8918 -101
8919 -45
8920 -49
8921 -90
8922 -96
8923 -71
8924 -76
8925 -108
8926 -127
8927 -111
8928 -79
8929 -85
8930 -101
8931 -95
8932 -75
8933 -61
8934 -66
8935 -64
8936 -89
8937 -106
8938 -96
8939 -109
8940 -91
8941 -69
8942 -68
8943 -102
8944 -120
8945 -110
8946 -97
8947 -104
8948 -76
8949 -84
8950 -105
8951 -109
8952 -100
8953 -91
8954 -87
8955 -81
8956 -84
8957 -76
8958 -85
8959 -97
8960 -101
8961 -91
8962 -67
8963 -59
8964 -74
8965 -63
8966 -41
8967 -35
8968 -29
8969 0
8970 -7
8971 -21
8972 -13
8973 -48
8974 -99
8975 -122
8976 -83
8977 -64
8978 -79
8979 -95
8980 -100
8981 -132
8982 -138
8983 -122
8984 -87
8985 -69
8986 -87
8987 -112
8988 -111
8989 -89
8990 -87
8991 -73
8992 -35
8993 -33
8994 -101
8995 -140
8996 -84
8997 13
8998 119
8999 228
9000 307
9001 273
9002 119
9003 -17
9004 -123
9005 -142
9006 -134
9007 -125
9008 -110
9009 -113
9010 -106
9011 -89
9012 -89
9013 -100
9014 -121
9015 -133
9016 -114
9017 -86
9018 -72
9019 -94
9020 -131
9021 -116
9022 -106
9023 -124
9024 -127
9025 -97
9026 -66
9027 -96
9028 -134
9029 -152
9030 -130
9031 -102
9032 -72
9033 -91
9034 -131
9035 -135
9036 -111
9037 -105
9038 -90
9039 -64
9040 -80
9041 -119
9042 -126
9043 -108
9044 -82
9045 -47
9046 -48
9047 -91
9048 -98
9049 -81
9050 -75
9051 -78
9052 -84
9053 -75
9054 -47
9055 -22
9056 -29
9057 -18
9058 -5
9059 -28
9060 -45
9061 -32
9062 -5
9063 24
9064 15
9065 -2
9066 -26
9067 -13
9068 12
9069 29
9070 5
9071 -5
9072 18
9073 34
9074 -2
9075 -34
9076 -26
9077 -11
9078 -8
9079 -17
9080 -35
9081 -36
9082 -35
9083 -31
9084 -10
9085 -12
9086 -69
9087 -111
9088 -97
9089 -74
9090 -72
9091 -61
9092 -76
9093 -94
9094 -79
9095 -70
9096 -79
9097 -83
9098 -89
9099 -95
9100 -82
9101 -77
9102 -75
9103 -66
9104 -66
9105 -57
9106 -66
9107 -79
9108 -74
9109 -63
9110 -54
9111 -49
9112 -51
9113 -40
9114 -26
9115 -18
9116 -10
9117 -7
9118 -33
9119 -76
9120 -84
9121 -47
9122 -29
9123 -56
9124 -74
9125 -73
9126 -80
9127 -68
9128 -57
9129 -51
9130 -46
9131 -48
9132 -49
9133 -43
9134 -60
9135 -77
9136 -70
9137 -54
9138 -59
9139 -53
9140 -64
9141 -92
9142 -113
9143 -98
9144 -53
9145 -51
9146 -84
9147 -88
9148 -69
9149 -49
9150 -57
9151 -70
9152 -74
9153 -84
9154 -97
9155 -89
9156 -46
9157 -40
9158 -67
9159 -104
9160 -103
9161 -76
9162 -62
9163 -64
9164 -69
9165 -65
9166 -54
9167 -23
9168 -36
9169 -69
9170 -81
9171 -84
9172 -86
9173 -68
9174 -40
9175 -16
9176 -30
9177 -53
9178 -68
9179 -52
9180 -34
9181 -28
9182 -33
9183 -26
9184 -15
9185 -30
9186 -29
9187 -30
9188 -59
9189 -72
9190 -69
9191 -79
9192 -90
9193 -113
9194 -112
9195 -111
9196 -103
9197 -95
9198 -85
9199 -47
9200 -29
9201 -71
9202 -112
9203 -110
9204 -112
9205 -114
9206 -87
9207 -47
9208 15
9209 111
9210 212
9211 322
9212 382
9213 308
9214 143
9215 -71
9216 -206
9217 -184
9218 -149
9219 -122
9220 -82
9221 -46
9222 -59
9223 -94
9224 -113
9225 -108
9226 -115
9227 -107
9228 -94
9229 -103
9230 -142
9231 -135
9232 -119
9233 -122
9234 -109
9235 -107
9236 -114
9237 -105
9238 -82
9239 -77
9240 -92
9241 -105
9242 -113
9243 -101
9244 -74
9245 -38
9246 -62
9247 -115
9248 -123
9249 -123
9250 -112
9251 -93
9252 -64
9253 -58
9254 -100
9255 -117
9256 -94
9257 -79
9258 -68
9259 -50
9260 -47
9261 -74
9262 -84
9263 -47
9264 -1
9265 -10
9266 -35
9267 -52
9268 -41
9269 -27
9270 -6
9271 11
9272 18
9273 2
9274 -12
9275 -21
9276 -21
9277 5
9278 30
9279 13
9280 0
9281 6
9282 30
9283 48
9284 30
9285 18
9286 32
9287 31
9288 22
9289 14
9290 -3
9291 -20
9292 -32
9293 -48
9294 -50
9295 -25
9296 -27
9297 -47
9298 -52
9299 -47
9300 -36
9301 -32
9302 -86
9303 -114
9304 -91
9305 -62
9306 -52
9307 -70
9308 -80
9309 -94
9310 -93
9311 -82
9312 -60
9313 -60
9314 -78
9315 -86
9316 -82
9317 -71
9318 -63
9319 -66
9320 -57
9321 -67
9322 -88
9323 -78
9324 -53
9325 0
9326 0
9327 -70
9328 -118
9329 -96
9330 -65
9331 -51
9332 -61
9333 -69
9334 -64
9335 -49
9336 -41
9337 -62
9338 -64
9339 -53
9340 -56
9341 -57
9342 -35
9343 -38
9344 -61
9345 -85
9346 -80
9347 -60
9348 -58
9349 -87
9350 -109
9351 -92
9352 -64
9353 -63
9354 -88
9355 -106
9356 -98
9357 -73
9358 -51
9359 -70
9360 -99
9361 -84
9362 -36
9363 -28
9364 -50
9365 -108
9366 -121
9367 -88
9368 -57
9369 -68
9370 -71
9371 -67
9372 -96
9373 -113
9374 -89
9375 -80
9376 -87
9377 -84
9378 -83
9379 -72
9380 -55
9381 -27
9382 -17
9383 -65
9384 -102
9385 -78
9386 -59
9387 -30
9388 6
9389 7
9390 -34
9391 -55
9392 -57
9393 -26
9394 -13
9395 -28
9396 -52
9397 -80
9398 -97
9399 -97
9400 -72
9401 -69
9402 -104
9403 -124
9404 -86
9405 -60
9406 -85
9407 -87
9408 -74
9409 -90
9410 -104
9411 -88
9412 -63
9413 -58
9414 -66
9415 -48
9416 -31
9417 -29
9418 50
9419 182
9420 320
9421 359
9422 225
9423 73
9424 -80
9425 -166
9426 -168
9427 -151
9428 -99
9429 -57
9430 -52
9431 -93
9432 -112
9433 -105
9434 -96
9435 -103
9436 -111
9437 -102
9438 -80
9439 -48
9440 -40
9441 -89
9442 -125
9443 -110
9444 -85
9445 -56
9446 -61
9447 -63
9448 -62
9449 -86
9450 -93
9451 -70
9452 -58
9453 -84
9454 -83
9455 -61
9456 -76
9457 -118
9458 -106
9459 -72
9460 -69
9461 -73
9462 -72
9463 -69
9464 -61
9465 -46
9466 -49
9467 -52
9468 -59
9469 -56
9470 -44
9471 -20
9472 -15
9473 -32
9474 -32
9475 2
9476 -1
9477 -29
9478 -16
9479 11
9480 21
9481 38
9482 50
9483 35
9484 21
9485 14
9486 14
9487 28
9488 30
9489 40
9490 46
9491 40
9492 38
9493 43
9494 27
9495 13
9496 14
9497 27
9498 51
9499 64
9500 28
9501 -29
9502 -58
9503 -38
9504 -25
9505 -35
9506 -51
9507 -55
9508 -79
9509 -136
9510 -160
9511 -121
9512 -82
9513 -80
9514 -70
9515 -78
9516 -90
9517 -72
9518 -54
9519 -71
9520 -89
9521 -55
9522 -21
9523 -28
9524 -50
9525 -52
9526 -48
9527 -32
9528 -11
9529 -17
9530 -45
9531 -45
9532 12
9533 143
9534 253
9535 355
9536 405
9537 338
9538 165
9539 -16
9540 -117
9541 -134
9542 -126
9543 -99
9544 -40
9545 -23
9546 -27
9547 -20
9548 -32
9549 -55
9550 -72
9551 -62
9552 -46
9553 -48
9554 -63
9555 -80
9556 -79
9557 -42
9558 -23
9559 -29
9560 -54
9561 -63
9562 -59
9563 -41
9564 -17
9565 -7
9566 -1
9567 -25
9568 -59
9569 -50
9570 -39
9571 -53
9572 -78
9573 -62
9574 -31
9575 -30
9576 -44
9577 -27
9578 -21
9579 -22
9580 -10
9581 0
9582 -11
9583 -39
9584 -44
9585 -8
9586 25
9587 18
9588 -3
9589 -8
9590 -18
9591 -7
9592 25
9593 16
9594 -11
9595 -8
9596 22
9597 45
9598 46
9599 22
9600 28
9601 63
9602 58
9603 34
9604 33
9605 39
9606 45
9607 38
9608 30
9609 22
9610 -9
9611 -21
9612 -26
9613 -23
9614 -10
9615 -20
9616 -19
9617 -17
9618 -33
9619 -43
9620 -28
9621 -17
9622 -25
9623 -39
9624 -54
9625 -42
9626 -10
9627 1
9628 -26
9629 -33
9630 -30
9631 -39
9632 -32
9633 -12
9634 2
9635 -6
9636 -20
9637 -24
9638 -38
9639 -37
9640 -14
9641 -21
9642 -37
9643 -26
9644 -16
9645 -32
9646 -31
9647 -30
9648 -30
9649 -27
9650 -20
9651 -24
9652 -37
9653 -49
9654 -64
9655 -72
9656 -63
9657 -53
9658 -40
9659 -8
9660 -27
9661 -62
9662 -61
9663 -32
9664 -36
9665 -55
9666 -36
9667 -10
9668 -14
9669 -38
9670 -59
9671 -71
9672 -69
9673 -75
9674 -69
9675 -68
9676 -54
9677 -42
9678 -44
9679 -43
9680 -49
9681 -64
9682 -48
9683 -54
9684 -64
9685 -56
9686 -63
9687 -69
9688 -59
9689 -56
9690 -69
9691 -74
9692 -66
9693 -48
9694 -18
9695 -29
9696 -67
9697 -82
9698 -47
9699 -16
9700 -28
9701 -60
9702 -73
9703 -56
9704 -29
9705 -37
9706 -67
9707 -83
9708 -72
9709 -60
9710 -72
9711 -64
9712 -74
9713 -81
9714 -55
9715 -34
9716 -46
9717 -63
9718 -73
9719 -57
9720 -56
9721 -64
9722 -69
9723 -59
9724 -37
9725 -38
9726 -56
9727 -57
9728 -54
9729 -41
9730 -36
9731 -26
9732 -59
9733 -90
9734 -92
9735 -69
9736 -51
9737 -42
9738 -52
9739 -69
9740 -85
9741 -86
9742 -77
9743 -59
9744 -37
9745 -32
9746 -50
9747 -78
9748 -79
9749 -53
9750 -44
9751 -51
9752 -69
9753 -64
9754 -61
9755 -51
9756 -55
9757 -50
9758 -54
9759 -60
9760 -40
9761 -23
9762 -40
9763 -56
9764 -58
9765 -79
9766 -81
9767 -68
9768 -67
9769 -47
9770 -34
9771 -49
9772 -42
9773 -6
9774 13
9775 -5
9776 -6
9777 -2
9778 -19
9779 -29
9780 -27
9781 -26
9782 -34
9783 -46
9784 -55
9785 -67
9786 -71
9787 -74
9788 -66
9789 -58
9790 -44
9791 -58
9792 -66
9793 -73
9794 -63
9795 -56
9796 -55
9797 -56
9798 -51
9799 -51
9800 -57
9801 -48
9802 1
9803 86
9804 188
9805 298
9806 367
9807 323
9808 198
9809 20
9810 -136
9811 -166
9812 -137
9813 -97
9814 -88
9815 -91
9816 -95
9817 -98
9818 -101
9819 -97
9820 -81
9821 -69
9822 -71
9823 -78
9824 -75
9825 -78
9826 -87
9827 -80
9828 -69
9829 -74
9830 -79
9831 -87
9832 -74
9833 -46
9834 -34
9835 -56
9836 -64
9837 -53
9838 -60
9839 -81
9840 -59
9841 -43
9842 -82
9843 -119
9844 -116
9845 -97
9846 -77
9847 -66
9848 -72
9849 -72
9850 -60
9851 -48
9852 -43
9853 -40
9854 -32
9855 -28
9856 -27
9857 -25
9858 -28
9859 -28
9860 -23
9861 -15
9862 -15
9863 -7
9864 14
9865 44
9866 59
9867 28
9868 -16
9869 -25
9870 -14
9871 -12
9872 -16
9873 -7
9874 0
9875 8
9876 2
9877 -1
9878 0
9879 9
9880 8
9881 9
9882 11
9883 17
9884 24
9885 23
9886 14
9887 2
9888 -4
9889 -6
9890 3
9891 -5
9892 -16
9893 -22
9894 -24
9895 -24
9896 -30
9897 -37
9898 -41
9899 -45
9900 -46
9901 -45
9902 -42
9903 -36
9904 -43
9905 -39
9906 -30
9907 -26
9908 -17
9909 -19
9910 -26
9911 -32
9912 -26
9913 -23
9914 -30
9915 -32
9916 -23
9917 -7
9918 -12
9919 -20
9920 -24
9921 -17
9922 -8
9923 -11
9924 -11
9925 -18
9926 -21
9927 -17
9928 -11
9929 -12
9930 -13
9931 -10
9932 -24
9933 -30
9934 -33
9935 -34
9936 -30
9937 -25
9938 -28
9939 -33
9940 -32
9941 -42
9942 -47
9943 -44
9944 -36
9945 -36
9946 -43
9947 -45
9948 -45
9949 -43
9950 -46
9951 -53
9952 -49
9953 -46
9954 -42
9955 -47
9956 -59
9957 -63
9958 -61
9959 -46
9960 -44
9961 -46
9962 -57
9963 -55
9964 -55
9965 -62
9966 -63
9967 -54
9968 -44
9969 -53
9970 -61
9971 -66
9972 -59
9973 -57
9974 -63
9975 -75
9976 -67
9977 -54
9978 -50
9979 -52
9980 -52
9981 -51
9982 -56
9983 -58
9984 -54
9985 -56
9986 -50
9987 -29
9988 -16
9989 -18
9990 -7
9991 1
9992 1
9993 -4
9994 -17
9995 -24
9996 -28
9997 -29
9998 -40
9999 -69
