0.004
0 87
1 92
2 105
3 117
4 125
5 127
6 122
7 114
8 107
9 99
10 95
11 87
12 90
13 83
14 75
15 70
16 70
17 62
18 56
19 49
20 42
21 35
22 29
23 23
24 30
25 32
26 27
27 11
28 -14
29 -33
30 -21
31 58
32 214
33 417
34 608
35 720
36 732
37 640
38 439
39 179
40 -33
41 -118
42 -85
43 -21
44 13
45 10
46 -11
47 -36
48 -42
49 -43
50 -42
51 -44
52 -48
53 -52
54 -55
55 -51
56 -50
57 -46
58 -53
59 -55
60 -62
61 -65
62 -75
63 -77
64 -79
65 -78
66 -83
67 -85
68 -95
69 -102
70 -110
71 -118
72 -108
73 -101
74 -96
75 -97
76 -100
77 -103
78 -100
79 -91
80 -73
81 -59
82 -39
83 -28
84 -18
85 -14
86 -13
87 -5
88 2
89 10
90 25
91 33
92 34
93 25
94 22
95 31
96 47
97 69
98 84
99 86
100 81
101 71
102 57
103 48
104 43
105 39
106 37
107 33
108 33
109 25
110 16
111 15
112 3
113 -4
114 -3
115 -5
116 -9
117 -7
118 -2
119 -16
120 -23
121 -40
122 -64
123 -60
124 4
125 161
126 374
127 570
128 696
129 722
130 626
131 419
132 151
133 -62
134 -145
135 -115
136 -55
137 -19
138 -24
139 -42
140 -64
141 -73
142 -75
143 -75
144 -78
145 -77
146 -79
147 -74
148 -70
149 -68
150 -71
151 -77
152 -86
153 -96
154 -97
155 -100
156 -100
157 -102
158 -100
159 -100
160 -112
161 -123
162 -124
163 -127
164 -125
165 -125
166 -128
167 -133
168 -138
169 -139
170 -131
171 -123
172 -114
173 -101
174 -95
175 -80
176 -67
177 -53
178 -45
179 -38
180 -43
181 -31
182 -21
183 -12
184 -17
185 -25
186 -30
187 -17
188 6
189 23
190 39
191 42
192 34
193 25
194 5
195 1
196 0
197 -7
198 -10
199 -12
200 -16
201 -23
202 -33
203 -44
204 -53
205 -54
206 -56
207 -53
208 -57
209 -62
210 -71
211 -68
212 -75
213 -88
214 -99
215 -102
216 -60
217 30
218 167
219 324
220 469
221 572
222 628
223 626
224 527
225 292
226 11
227 -180
228 -217
229 -155
230 -86
231 -55
232 -63
233 -86
234 -101
235 -108
236 -112
237 -102
238 -100
239 -96
240 -98
241 -96
242 -94
243 -97
244 -105
245 -109
246 -121
247 -125
248 -118
249 -113
250 -106
251 -115
252 -121
253 -134
254 -141
255 -139
256 -141
257 -137
258 -133
259 -129
260 -124
261 -127
262 -123
263 -108
264 -100
265 -83
266 -74
267 -61
268 -54
269 -39
270 -30
271 -27
272 -25
273 -20
274 -6
275 0
276 -3
277 -11
278 -11
279 1
280 15
281 26
282 40
283 44
284 42
285 28
286 15
287 12
288 10
289 19
290 28
291 27
292 25
293 20
294 11
295 3
296 -4
297 -6
298 -5
299 -4
300 -5
301 -9
302 -10
303 -22
304 -31
305 -51
306 -67
307 -50
308 21
309 156
310 343
311 520
312 649
313 691
314 653
315 507
316 277
317 34
318 -128
319 -158
320 -110
321 -56
322 -27
323 -28
324 -54
325 -70
326 -80
327 -87
328 -91
329 -87
330 -84
331 -85
332 -82
333 -87
334 -89
335 -97
336 -106
337 -116
338 -120
339 -123
340 -116
341 -112
342 -118
343 -122
344 -137
345 -145
346 -148
347 -142
348 -139
349 -136
350 -135
351 -136
352 -134
353 -127
354 -125
355 -115
356 -109
357 -92
358 -79
359 -67
360 -55
361 -57
362 -53
363 -47
364 -40
365 -26
366 -20
367 -22
368 -26
369 -21
370 -4
371 7
372 19
373 18
374 13
375 -4
376 -16
377 -16
378 -16
379 -16
380 -16
381 -19
382 -21
383 -29
384 -33
385 -38
386 -42
387 -51
388 -59
389 -66
390 -58
391 -52
392 -52
393 -61
394 -81
395 -104
396 -118
397 -86
398 9
399 166
400 356
401 520
402 620
403 642
404 574
405 404
406 157
407 -67
408 -170
409 -165
410 -112
411 -80
412 -73
413 -88
414 -108
415 -113
416 -114
417 -109
418 -108
419 -105
420 -112
421 -117
422 -122
423 -118
424 -113
425 -108
426 -113
427 -119
428 -132
429 -135
430 -135
431 -127
432 -125
433 -131
434 -136
435 -139
436 -145
437 -148
438 -145
439 -139
440 -129
441 -126
442 -120
443 -110
444 -112
445 -106
446 -99
447 -78
448 -60
449 -47
450 -33
451 -26
452 -24
453 -18
454 -9
455 -5
456 1
457 1
458 3
459 16
460 38
461 48
462 59
463 51
464 39
465 34
466 24
467 32
468 32
469 31
470 32
471 35
472 34
473 34
474 29
475 19
476 13
477 10
478 3
479 0
480 -7
481 -16
482 -25
483 -29
484 -33
485 -42
486 -53
487 -34
488 54
489 198
490 384
491 553
492 662
493 695
494 631
495 468
496 221
497 -5
498 -129
499 -126
500 -66
501 -16
502 -12
503 -31
504 -58
505 -61
506 -63
507 -61
508 -59
509 -57
510 -62
511 -67
512 -66
513 -72
514 -72
515 -74
516 -78
517 -69
518 -77
519 -84
520 -90
521 -94
522 -96
523 -96
524 -97
525 -96
526 -101
527 -109
528 -116
529 -113
530 -106
531 -98
532 -85
533 -79
534 -72
535 -65
536 -59
537 -44
538 -34
539 -27
540 -12
541 -1
542 -2
543 0
544 1
545 8
546 15
547 21
548 31
549 46
550 57
551 72
552 77
553 72
554 65
555 51
556 38
557 36
558 34
559 36
560 35
561 24
562 24
563 21
564 20
565 17
566 12
567 9
568 7
569 8
570 0
571 -5
572 -14
573 -22
574 -39
575 -58
576 -53
577 21
578 164
579 361
580 548
581 668
582 684
583 602
584 411
585 151
586 -64
587 -157
588 -124
589 -61
590 -9
591 -7
592 -27
593 -50
594 -69
595 -75
596 -78
597 -74
598 -68
599 -63
600 -64
601 -62
602 -77
603 -79
604 -83
605 -83
606 -85
607 -88
608 -85
609 -86
610 -96
611 -101
612 -108
613 -110
614 -105
615 -108
616 -107
617 -106
618 -110
619 -112
620 -109
621 -109
622 -101
623 -86
624 -72
625 -58
626 -52
627 -47
628 -50
629 -45
630 -40
631 -29
632 -20
633 -19
634 -9
635 -7
636 -11
637 -22
638 -12
639 1
640 22
641 38
642 41
643 36
644 17
645 0
646 -13
647 -17
648 -10
649 -4
650 0
651 -4
652 -11
653 -24
654 -31
655 -40
656 -43
657 -48
658 -51
659 -50
660 -58
661 -63
662 -74
663 -83
664 -100
665 -118
666 -108
667 -35
668 111
669 303
670 489
671 610
672 638
673 562
674 370
675 110
676 -111
677 -211
678 -195
679 -130
680 -89
681 -80
682 -97
683 -122
684 -135
685 -144
686 -138
687 -140
688 -138
689 -140
690 -138
691 -142
692 -142
693 -150
694 -153
695 -162
696 -158
697 -157
698 -160
699 -157
700 -154
701 -163
702 -174
703 -174
704 -175
705 -173
706 -175
707 -173
708 -178
709 -181
710 -187
711 -186
712 -180
713 -175
714 -167
715 -157
716 -148
717 -138
718 -132
719 -128
720 -123
721 -107
722 -105
723 -100
724 -101
725 -98
726 -90
727 -82
728 -80
729 -82
730 -82
731 -83
732 -71
733 -54
734 -44
735 -46
736 -50
737 -46
738 -56
739 -58
740 -59
741 -59
742 -58
743 -57
744 -64
745 -70
746 -80
747 -84
748 -89
749 -94
750 -97
751 -99
752 -109
753 -112
754 -120
755 -116
756 -113
757 -124
758 -147
759 -154
760 -115
761 -7
762 170
763 373
764 536
765 619
766 608
767 480
768 235
769 -44
770 -222
771 -251
772 -194
773 -136
774 -120
775 -127
776 -150
777 -171
778 -179
779 -173
780 -164
781 -155
782 -153
783 -157
784 -162
785 -172
786 -176
787 -182
788 -184
789 -179
790 -181
791 -184
792 -191
793 -190
794 -201
795 -203
796 -206
797 -213
798 -209
799 -206
800 -204
801 -207
802 -212
803 -212
804 -208
805 -207
806 -196
807 -187
808 -182
809 -176
810 -166
811 -161
812 -143
813 -134
814 -123
815 -117
816 -116
817 -120
818 -108
819 -104
820 -98
821 -97
822 -91
823 -78
824 -63
825 -49
826 -47
827 -52
828 -69
829 -82
830 -91
831 -85
832 -77
833 -76
834 -69
835 -71
836 -80
837 -90
838 -95
839 -93
840 -86
841 -84
842 -81
843 -89
844 -101
845 -105
846 -107
847 -111
848 -120
849 -121
850 -58
851 75
852 267
853 466
854 607
855 651
856 589
857 395
858 117
859 -119
860 -234
861 -225
862 -161
863 -113
864 -102
865 -116
866 -145
867 -159
868 -169
869 -172
870 -172
871 -171
872 -170
873 -174
874 -168
875 -166
876 -162
877 -164
878 -172
879 -175
880 -183
881 -178
882 -173
883 -176
884 -173
885 -175
886 -185
887 -183
888 -181
889 -174
890 -163
891 -155
892 -147
893 -137
894 -137
895 -131
896 -122
897 -102
898 -88
899 -75
900 -60
901 -52
902 -44
903 -41
904 -37
905 -33
906 -16
907 -9
908 5
909 6
910 11
911 20
912 38
913 54
914 64
915 70
916 60
917 45
918 36
919 26
920 24
921 25
922 27
923 29
924 29
925 26
926 20
927 14
928 3
929 -7
930 -6
931 -7
932 -4
933 -2
934 -9
935 -24
936 -46
937 -53
938 -15
939 89
940 261
941 448
942 603
943 666
944 625
945 460
946 201
947 -59
948 -193
949 -196
950 -136
951 -83
952 -74
953 -90
954 -119
955 -129
956 -131
957 -124
958 -125
959 -128
960 -133
961 -143
962 -148
963 -150
964 -150
965 -145
966 -147
967 -143
968 -147
969 -155
970 -168
971 -171
972 -169
973 -168
974 -169
975 -168
976 -171
977 -169
978 -176
979 -180
980 -177
981 -168
982 -162
983 -154
984 -152
985 -146
986 -138
987 -138
988 -123
989 -111
990 -98
991 -89
992 -84
993 -80
994 -81
995 -81
996 -71
997 -69
998 -64
999 -56
1000 -54
1001 -46
1002 -34
1003 -12
1004 -2
1005 3
1006 -2
1007 -14
1008 -25
1009 -37
1010 -42
1011 -45
1012 -41
1013 -40
1014 -37
1015 -39
1016 -43
1017 -46
1018 -53
1019 -56
1020 -67
1021 -68
1022 -71
1023 -69
1024 -72
1025 -77
1026 -88
1027 -106
1028 -122
1029 -103
1030 -14
1031 156
1032 360
1033 541
1034 648
1035 666
1036 580
1037 375
1038 102
1039 -120
1040 -208
1041 -182
1042 -121
1043 -84
1044 -90
1045 -115
1046 -139
1047 -145
1048 -149
1049 -145
1050 -135
1051 -136
1052 -140
1053 -149
1054 -151
1055 -156
1056 -154
1057 -152
1058 -154
1059 -158
1060 -163
1061 -171
1062 -172
1063 -176
1064 -175
1065 -177
1066 -178
1067 -179
1068 -179
1069 -180
1070 -183
1071 -180
1072 -186
1073 -181
1074 -175
1075 -168
1076 -161
1077 -154
1078 -151
1079 -137
1080 -127
1081 -113
1082 -103
1083 -91
1084 -86
1085 -88
1086 -88
1087 -86
1088 -82
1089 -76
1090 -66
1091 -62
1092 -56
1093 -47
1094 -35
1095 -20
1096 -13
1097 -14
1098 -21
1099 -31
1100 -42
1101 -44
1102 -46
1103 -49
1104 -58
1105 -59
1106 -63
1107 -63
1108 -60
1109 -68
1110 -78
1111 -83
1112 -93
1113 -95
1114 -91
1115 -92
1116 -86
1117 -89
1118 -101
1119 -119
1120 -145
1121 -127
1122 -30
1123 159
1124 381
1125 573
1126 667
1127 629
1128 448
1129 168
1130 -87
1131 -212
1132 -208
1133 -140
1134 -102
1135 -99
1136 -122
1137 -149
1138 -162
1139 -164
1140 -158
1141 -153
1142 -148
1143 -152
1144 -159
1145 -166
1146 -168
1147 -166
1148 -165
1149 -165
1150 -169
1151 -171
1152 -179
1153 -187
1154 -189
1155 -190
1156 -183
1157 -185
1158 -187
1159 -187
1160 -192
1161 -197
1162 -194
1163 -195
1164 -189
1165 -179
1166 -167
1167 -156
1168 -153
1169 -143
1170 -142
1171 -133
1172 -128
1173 -118
1174 -109
1175 -105
1176 -102
1177 -102
1178 -103
1179 -100
1180 -92
1181 -88
1182 -90
1183 -81
1184 -72
1185 -53
1186 -39
1187 -21
1188 -18
1189 -31
1190 -42
1191 -55
1192 -62
1193 -59
1194 -69
1195 -66
1196 -76
1197 -81
1198 -87
1199 -89
1200 -89
1201 -96
1202 -102
1203 -108
1204 -115
1205 -116
1206 -117
1207 -109
1208 -111
1209 -122
1210 -138
1211 -164
1212 -181
1213 -139
1214 -29
1215 152
1216 351
1217 528
1218 619
1219 626
1220 519
1221 293
1222 12
1223 -187
1224 -238
1225 -191
1226 -137
1227 -111
1228 -127
1229 -155
1230 -174
1231 -179
1232 -173
1233 -170
1234 -167
1235 -173
1236 -181
1237 -186
1238 -187
1239 -189
1240 -188
1241 -185
1242 -187
1243 -192
1244 -197
1245 -199
1246 -197
1247 -197
1248 -194
1249 -199
1250 -202
1251 -209
1252 -210
1253 -216
1254 -220
1255 -217
1256 -215
1257 -212
1258 -208
1259 -205
1260 -209
1261 -202
1262 -198
1263 -188
1264 -175
1265 -160
1266 -150
1267 -140
1268 -135
1269 -137
1270 -138
1271 -137
1272 -132
1273 -121
1274 -109
1275 -101
1276 -103
1277 -109
1278 -107
1279 -91
1280 -65
1281 -36
1282 -19
1283 -23
1284 -44
1285 -66
1286 -78
1287 -83
1288 -86
1289 -87
1290 -81
1291 -83
1292 -82
1293 -87
1294 -96
1295 -103
1296 -111
1297 -121
1298 -113
1299 -112
1300 -109
1301 -100
1302 -105
1303 -114
1304 -118
1305 -136
1306 -157
1307 -162
1308 -125
1309 -12
1310 163
1311 352
1312 517
1313 603
1314 614
1315 519
1316 315
1317 57
1318 -149
1319 -231
1320 -199
1321 -136
1322 -101
1323 -99
1324 -118
1325 -138
1326 -144
1327 -150
1328 -152
1329 -149
1330 -149
1331 -144
1332 -146
1333 -149
1334 -155
1335 -155
1336 -159
1337 -158
1338 -154
1339 -158
1340 -158
1341 -155
1342 -164
1343 -176
1344 -187
1345 -195
1346 -191
1347 -191
1348 -193
1349 -191
1350 -196
1351 -202
1352 -196
1353 -196
1354 -193
1355 -182
1356 -175
1357 -160
1358 -151
1359 -145
1360 -138
1361 -128
1362 -125
1363 -120
1364 -106
1365 -96
1366 -88
1367 -89
1368 -81
1369 -67
1370 -69
1371 -71
1372 -73
1373 -69
1374 -47
1375 -23
1376 3
1377 11
1378 2
1379 -21
1380 -39
1381 -42
1382 -33
1383 -29
1384 -40
1385 -48
1386 -53
1387 -60
1388 -71
1389 -80
1390 -79
1391 -83
1392 -79
1393 -82
1394 -94
1395 -97
1396 -103
1397 -100
1398 -95
1399 -101
1400 -122
1401 -148
1402 -169
1403 -166
1404 -94
1405 55
1406 265
1407 463
1408 591
1409 610
1410 512
1411 276
1412 2
1413 -200
1414 -249
1415 -195
1416 -132
1417 -108
1418 -113
1419 -142
1420 -163
1421 -175
1422 -164
1423 -160
1424 -149
1425 -147
1426 -155
1427 -161
1428 -171
1429 -171
1430 -168
1431 -160
1432 -160
1433 -163
1434 -179
1435 -189
1436 -192
1437 -195
1438 -197
1439 -195
1440 -184
1441 -182
1442 -184
1443 -190
1444 -189
1445 -200
1446 -196
1447 -195
1448 -182
1449 -169
1450 -158
1451 -146
1452 -137
1453 -126
1454 -122
1455 -112
1456 -102
1457 -90
1458 -78
1459 -74
1460 -77
1461 -83
1462 -84
1463 -73
1464 -72
1465 -65
1466 -58
1467 -41
1468 -16
1469 0
1470 3
1471 -3
1472 -15
1473 -27
1474 -34
1475 -42
1476 -45
1477 -44
1478 -55
1479 -62
1480 -68
1481 -69
1482 -70
1483 -75
1484 -76
1485 -86
1486 -83
1487 -94
1488 -91
1489 -89
1490 -90
1491 -102
1492 -123
1493 -156
1494 -165
1495 -128
1496 -21
1497 148
1498 337
1499 501
1500 589
1501 587
1502 483
1503 268
1504 7
1505 -176
1506 -216
1507 -173
1508 -106
1509 -84
1510 -92
1511 -118
1512 -147
1513 -151
1514 -148
1515 -136
1516 -130
1517 -133
1518 -139
1519 -147
1520 -150
1521 -153
1522 -153
1523 -152
1524 -154
1525 -154
1526 -156
1527 -162
1528 -168
1529 -176
1530 -173
1531 -174
1532 -168
1533 -164
1534 -163
1535 -171
1536 -179
1537 -185
1538 -179
1539 -176
1540 -168
1541 -152
1542 -144
1543 -136
1544 -124
1545 -116
1546 -104
1547 -95
1548 -86
1549 -73
1550 -70
1551 -71
1552 -72
1553 -78
1554 -72
1555 -63
1556 -61
1557 -57
1558 -46
1559 -29
1560 -9
1561 6
1562 14
1563 12
1564 4
1565 -5
1566 -20
1567 -26
1568 -30
1569 -38
1570 -43
1571 -50
1572 -51
1573 -53
1574 -58
1575 -67
1576 -80
1577 -86
1578 -88
1579 -93
1580 -93
1581 -88
1582 -86
1583 -85
1584 -104
1585 -132
1586 -159
1587 -150
1588 -71
1589 95
1590 308
1591 500
1592 610
1593 619
1594 508
1595 296
1596 40
1597 -158
1598 -230
1599 -193
1600 -128
1601 -92
1602 -91
1603 -116
1604 -137
1605 -147
1606 -148
1607 -143
1608 -141
1609 -144
1610 -142
1611 -148
1612 -151
1613 -156
1614 -156
1615 -153
1616 -151
1617 -150
1618 -155
1619 -159
1620 -169
1621 -172
1622 -174
1623 -173
1624 -176
1625 -174
1626 -178
1627 -191
1628 -192
1629 -202
1630 -205
1631 -195
1632 -188
1633 -178
1634 -174
1635 -176
1636 -164
1637 -153
1638 -139
1639 -131
1640 -113
1641 -108
1642 -104
1643 -104
1644 -112
1645 -112
1646 -110
1647 -104
1648 -101
1649 -93
1650 -84
1651 -82
1652 -80
1653 -81
1654 -73
1655 -54
1656 -32
1657 -12
1658 0
1659 1
1660 -9
1661 -34
1662 -58
1663 -64
1664 -68
1665 -70
1666 -68
1667 -76
1668 -85
1669 -94
1670 -98
1671 -109
1672 -110
1673 -112
1674 -118
1675 -120
1676 -124
1677 -121
1678 -128
1679 -132
1680 -154
1681 -179
1682 -177
1683 -126
1684 5
1685 195
1686 398
1687 540
1688 586
1689 495
1690 268
1691 -15
1692 -212
1693 -265
1694 -212
1695 -148
1696 -118
1697 -127
1698 -145
1699 -163
1700 -167
1701 -168
1702 -166
1703 -169
1704 -175
1705 -175
1706 -173
1707 -172
1708 -164
1709 -163
1710 -168
1711 -173
1712 -183
1713 -188
1714 -185
1715 -186
1716 -183
1717 -185
1718 -190
1719 -195
1720 -200
1721 -208
1722 -211
1723 -210
1724 -199
1725 -197
1726 -198
1727 -202
1728 -203
1729 -194
1730 -183
1731 -181
1732 -167
1733 -155
1734 -143
1735 -133
1736 -128
1737 -127
1738 -123
1739 -121
1740 -117
1741 -110
1742 -103
1743 -103
1744 -103
1745 -101
1746 -98
1747 -99
1748 -95
1749 -90
1750 -72
1751 -52
1752 -29
1753 -10
1754 -11
1755 -22
1756 -34
1757 -47
1758 -63
1759 -65
1760 -68
1761 -74
1762 -74
1763 -85
1764 -95
1765 -99
1766 -106
1767 -108
1768 -113
1769 -123
1770 -132
1771 -132
1772 -136
1773 -128
1774 -137
1775 -147
1776 -171
1777 -192
1778 -180
1779 -95
1780 61
1781 275
1782 462
1783 568
1784 573
1785 451
1786 199
1787 -67
1788 -243
1789 -273
1790 -214
1791 -149
1792 -122
1793 -134
1794 -168
1795 -190
1796 -194
1797 -193
1798 -184
1799 -175
1800 -173
1801 -177
1802 -190
1803 -195
1804 -200
1805 -204
1806 -201
1807 -197
1808 -206
1809 -210
1810 -219
1811 -221
1812 -227
1813 -224
1814 -227
1815 -229
1816 -229
1817 -228
1818 -230
1819 -232
1820 -239
1821 -239
1822 -241
1823 -235
1824 -227
1825 -216
1826 -210
1827 -202
1828 -196
1829 -192
1830 -186
1831 -180
1832 -165
1833 -152
1834 -154
1835 -153
1836 -159
1837 -165
1838 -160
1839 -156
1840 -149
1841 -146
1842 -140
1843 -134
1844 -133
1845 -134
1846 -132
1847 -128
1848 -116
1849 -96
1850 -74
1851 -59
1852 -55
1853 -73
1854 -95
1855 -114
1856 -130
1857 -132
1858 -127
1859 -128
1860 -136
1861 -148
1862 -159
1863 -168
1864 -173
1865 -169
1866 -167
1867 -165
1868 -170
1869 -173
1870 -179
1871 -181
1872 -189
1873 -198
1874 -217
1875 -214
1876 -167
1877 -48
1878 131
1879 323
1880 476
1881 544
1882 516
1883 370
1884 119
1885 -142
1886 -297
1887 -317
1888 -255
1889 -192
1890 -167
1891 -170
1892 -194
1893 -210
1894 -218
1895 -217
1896 -217
1897 -214
1898 -217
1899 -217
1900 -213
1901 -214
1902 -220
1903 -223
1904 -227
1905 -230
1906 -232
1907 -227
1908 -225
1909 -228
1910 -236
1911 -238
1912 -245
1913 -253
1914 -251
1915 -252
1916 -248
1917 -250
1918 -253
1919 -255
1920 -252
1921 -253
1922 -252
1923 -242
1924 -233
1925 -223
1926 -217
1927 -207
1928 -200
1929 -190
1930 -186
1931 -181
1932 -171
1933 -172
1934 -173
1935 -177
1936 -177
1937 -173
1938 -168
1939 -169
1940 -158
1941 -147
1942 -140
1943 -133
1944 -134
1945 -133
1946 -121
1947 -104
1948 -87
1949 -69
1950 -71
1951 -80
1952 -95
1953 -116
1954 -128
1955 -131
1956 -124
1957 -124
1958 -128
1959 -137
1960 -147
1961 -152
1962 -155
1963 -157
1964 -160
1965 -167
1966 -161
1967 -165
1968 -165
1969 -166
1970 -174
1971 -187
1972 -208
1973 -210
1974 -178
1975 -72
1976 84
1977 283
1978 444
1979 541
1980 551
1981 463
1982 269
1983 7
1984 -212
1985 -302
1986 -274
1987 -209
1988 -165
1989 -159
1990 -169
1991 -184
1992 -194
1993 -202
1994 -202
1995 -199
1996 -198
1997 -198
1998 -201
1999 -202
2000 -203
2001 -204
2002 -202
2003 -209
2004 -212
2005 -215
2006 -217
2007 -215
2008 -211
2009 -211
2010 -214
2011 -224
2012 -231
2013 -232
2014 -232
2015 -227
2016 -230
2017 -226
2018 -227
2019 -230
2020 -231
2021 -229
2022 -226
2023 -216
2024 -206
2025 -189
2026 -177
2027 -169
2028 -166
2029 -168
2030 -163
2031 -158
2032 -147
2033 -145
2034 -140
2035 -149
2036 -150
2037 -150
2038 -147
2039 -144
2040 -130
2041 -125
2042 -118
2043 -120
2044 -123
2045 -113
2046 -89
2047 -69
2048 -52
2049 -43
2050 -49
2051 -70
2052 -87
2053 -102
2054 -110
2055 -111
2056 -108
2057 -114
2058 -120
2059 -124
2060 -136
2061 -145
2062 -157
2063 -158
2064 -160
2065 -149
2066 -141
2067 -145
2068 -147
2069 -153
2070 -169
2071 -190
2072 -202
2073 -175
2074 -88
2075 62
2076 257
2077 433
2078 545
2079 577
2080 516
2081 340
2082 94
2083 -137
2084 -256
2085 -253
2086 -199
2087 -154
2088 -145
2089 -165
2090 -178
2091 -187
2092 -189
2093 -187
2094 -191
2095 -196
2096 -200
2097 -201
2098 -201
2099 -192
2100 -191
2101 -195
2102 -206
2103 -211
2104 -217
2105 -216
2106 -217
2107 -212
2108 -210
2109 -212
2110 -213
2111 -224
2112 -231
2113 -234
2114 -228
2115 -232
2116 -229
2117 -230
2118 -228
2119 -233
2120 -231
2121 -222
2122 -216
2123 -207
2124 -196
2125 -185
2126 -174
2127 -169
2128 -168
2129 -169
2130 -172
2131 -167
2132 -161
2133 -161
2134 -156
2135 -165
2136 -165
2137 -165
2138 -164
2139 -158
2140 -151
2141 -141
2142 -134
2143 -128
2144 -127
2145 -127
2146 -121
2147 -107
2148 -76
2149 -53
2150 -40
2151 -49
2152 -64
2153 -85
2154 -112
2155 -110
2156 -110
2157 -108
2158 -106
2159 -114
2160 -126
2161 -135
2162 -145
2163 -148
2164 -148
2165 -152
2166 -146
2167 -145
2168 -145
2169 -148
2170 -146
2171 -153
2172 -171
2173 -179
2174 -184
2175 -147
2176 -51
2177 107
2178 293
2179 452
2180 544
2181 543
2182 431
2183 213
2184 -35
2185 -204
2186 -250
2187 -215
2188 -164
2189 -141
2190 -148
2191 -164
2192 -178
2193 -182
2194 -181
2195 -182
2196 -186
2197 -192
2198 -193
2199 -188
2200 -186
2201 -184
2202 -188
2203 -193
2204 -200
2205 -204
2206 -208
2207 -203
2208 -199
2209 -197
2210 -204
2211 -208
2212 -215
2213 -215
2214 -221
2215 -216
2216 -210
2217 -208
2218 -207
2219 -211
2220 -208
2221 -205
2222 -198
2223 -195
2224 -182
2225 -173
2226 -166
2227 -158
2228 -161
2229 -159
2230 -152
2231 -149
2232 -143
2233 -138
2234 -141
2235 -141
2236 -146
2237 -155
2238 -154
2239 -151
2240 -146
2241 -140
2242 -134
2243 -133
2244 -131
2245 -127
2246 -126
2247 -122
2248 -113
2249 -98
2250 -82
2251 -66
2252 -51
2253 -47
2254 -48
2255 -60
2256 -73
2257 -88
2258 -96
2259 -106
2260 -111
2261 -113
2262 -122
2263 -127
2264 -132
2265 -139
2266 -140
2267 -140
2268 -145
2269 -149
2270 -155
2271 -155
2272 -157
2273 -156
2274 -167
2275 -181
2276 -185
2277 -152
2278 -58
2279 97
2280 282
2281 438
2282 528
2283 533
2284 435
2285 233
2286 -20
2287 -213
2288 -273
2289 -237
2290 -176
2291 -143
2292 -137
2293 -165
2294 -192
2295 -203
2296 -201
2297 -202
2298 -197
2299 -190
2300 -188
2301 -187
2302 -194
2303 -196
2304 -205
2305 -202
2306 -203
2307 -204
2308 -201
2309 -203
2310 -206
2311 -210
2312 -215
2313 -217
2314 -220
2315 -220
2316 -216
2317 -213
2318 -218
2319 -218
2320 -222
2321 -222
2322 -214
2323 -211
2324 -199
2325 -193
2326 -184
2327 -176
2328 -174
2329 -159
2330 -156
2331 -147
2332 -146
2333 -145
2334 -144
2335 -145
2336 -148
2337 -157
2338 -150
2339 -146
2340 -137
2341 -134
2342 -132
2343 -125
2344 -127
2345 -123
2346 -116
2347 -110
2348 -106
2349 -95
2350 -82
2351 -69
2352 -50
2353 -36
2354 -34
2355 -36
2356 -45
2357 -61
2358 -77
2359 -90
2360 -98
2361 -109
2362 -111
2363 -118
2364 -120
2365 -122
2366 -126
2367 -128
2368 -134
2369 -141
2370 -146
2371 -148
2372 -150
2373 -149
2374 -148
2375 -155
2376 -171
2377 -190
2378 -185
2379 -126
2380 0
2381 181
2382 375
2383 519
2384 577
2385 541
2386 393
2387 156
2388 -89
2389 -242
2390 -265
2391 -208
2392 -155
2393 -138
2394 -152
2395 -180
2396 -196
2397 -199
2398 -194
2399 -185
2400 -184
2401 -188
2402 -199
2403 -202
2404 -200
2405 -201
2406 -204
2407 -200
2408 -203
2409 -211
2410 -211
2411 -217
2412 -223
2413 -226
2414 -225
2415 -222
2416 -222
2417 -218
2418 -226
2419 -230
2420 -231
2421 -236
2422 -241
2423 -234
2424 -229
2425 -218
2426 -215
2427 -213
2428 -211
2429 -207
2430 -198
2431 -180
2432 -171
2433 -158
2434 -160
2435 -162
2436 -163
2437 -165
2438 -164
2439 -164
2440 -159
2441 -155
2442 -157
2443 -156
2444 -158
2445 -160
2446 -161
2447 -157
2448 -150
2449 -132
2450 -127
2451 -117
2452 -121
2453 -121
2454 -121
2455 -104
2456 -92
2457 -73
2458 -68
2459 -72
2460 -85
2461 -108
2462 -123
2463 -134
2464 -134
2465 -139
2466 -140
2467 -145
2468 -157
2469 -161
2470 -172
2471 -174
2472 -181
2473 -180
2474 -173
2475 -169
2476 -167
2477 -177
2478 -185
2479 -187
2480 -201
2481 -215
2482 -216
2483 -184
2484 -98
2485 45
2486 224
2487 388
2488 507
2489 550
2490 514
2491 373
2492 128
2493 -130
2494 -289
2495 -318
2496 -262
2497 -205
2498 -177
2499 -180
2500 -201
2501 -216
2502 -223
2503 -223
2504 -223
2505 -222
2506 -223
2507 -216
2508 -218
2509 -220
2510 -227
2511 -230
2512 -231
2513 -232
2514 -238
2515 -235
2516 -235
2517 -232
2518 -236
2519 -237
2520 -241
2521 -248
2522 -249
2523 -245
2524 -246
2525 -245
2526 -248
2527 -249
2528 -255
2529 -254
2530 -250
2531 -243
2532 -233
2533 -225
2534 -217
2535 -211
2536 -210
2537 -206
2538 -199
2539 -193
2540 -184
2541 -180
2542 -178
2543 -182
2544 -185
2545 -188
2546 -188
2547 -186
2548 -179
2549 -180
2550 -174
2551 -171
2552 -171
2553 -170
2554 -167
2555 -160
2556 -148
2557 -138
2558 -130
2559 -128
2560 -124
2561 -124
2562 -118
2563 -98
2564 -88
2565 -82
2566 -91
2567 -107
2568 -125
2569 -138
2570 -143
2571 -148
2572 -150
2573 -153
2574 -151
2575 -156
2576 -160
2577 -168
2578 -175
2579 -178
2580 -174
2581 -170
2582 -168
2583 -161
2584 -166
2585 -169
2586 -192
2587 -198
2588 -174
2589 -86
2590 75
2591 274
2592 450
2593 566
2594 582
2595 475
2596 246
2597 -32
2598 -239
2599 -294
2600 -246
2601 -177
2602 -140
2603 -145
2604 -169
2605 -184
2606 -191
2607 -184
2608 -180
2609 -174
2610 -176
2611 -180
2612 -188
2613 -190
2614 -199
2615 -189
2616 -189
2617 -191
2618 -194
2619 -195
2620 -200
2621 -203
2622 -202
2623 -203
2624 -203
2625 -206
2626 -208
2627 -208
2628 -209
2629 -214
2630 -217
2631 -210
2632 -203
2633 -200
2634 -195
2635 -188
2636 -184
2637 -176
2638 -167
2639 -160
2640 -152
2641 -138
2642 -139
2643 -137
2644 -138
2645 -140
2646 -139
2647 -145
2648 -143
2649 -136
2650 -132
2651 -135
2652 -133
2653 -136
2654 -136
2655 -136
2656 -128
2657 -114
2658 -106
2659 -99
2660 -94
2661 -84
2662 -67
2663 -48
2664 -37
2665 -39
2666 -44
2667 -63
2668 -77
2669 -88
2670 -96
2671 -104
2672 -104
2673 -103
2674 -110
2675 -109
2676 -118
2677 -126
2678 -131
2679 -140
2680 -140
2681 -138
2682 -131
2683 -127
2684 -134
2685 -137
2686 -153
2687 -170
2688 -173
2689 -113
2690 22
2691 207
2692 403
2693 545
2694 608
2695 570
2696 417
2697 165
2698 -86
2699 -230
2700 -243
2701 -187
2702 -136
2703 -121
2704 -140
2705 -165
2706 -175
2707 -176
2708 -170
2709 -161
2710 -160
2711 -163
2712 -169
2713 -174
2714 -175
2715 -171
2716 -175
2717 -174
2718 -177
2719 -184
2720 -189
2721 -192
2722 -190
2723 -187
2724 -186
2725 -181
2726 -185
2727 -188
2728 -191
2729 -196
2730 -196
2731 -192
2732 -190
2733 -187
2734 -187
2735 -184
2736 -179
2737 -176
2738 -167
2739 -156
2740 -146
2741 -137
2742 -132
2743 -125
2744 -125
2745 -127
2746 -128
2747 -131
2748 -134
2749 -134
2750 -133
2751 -128
2752 -131
2753 -132
2754 -130
2755 -132
2756 -132
2757 -127
2758 -121
2759 -108
2760 -99
2761 -100
2762 -98
2763 -93
2764 -83
2765 -62
2766 -38
2767 -28
2768 -29
2769 -39
2770 -67
2771 -86
2772 -96
2773 -99
2774 -96
2775 -92
2776 -96
2777 -105
2778 -112
2779 -127
2780 -136
2781 -139
2782 -136
2783 -135
2784 -133
2785 -133
2786 -140
2787 -143
2788 -150
2789 -157
2790 -167
2791 -176
2792 -156
2793 -87
2794 50
2795 231
2796 409
2797 544
2798 588
2799 536
2800 364
2801 100
2802 -144
2803 -258
2804 -255
2805 -197
2806 -151
2807 -140
2808 -152
2809 -173
2810 -185
2811 -189
2812 -184
2813 -189
2814 -187
2815 -186
2816 -182
2817 -181
2818 -182
2819 -185
2820 -197
2821 -206
2822 -204
2823 -207
2824 -202
2825 -195
2826 -201
2827 -199
2828 -205
2829 -214
2830 -214
2831 -215
2832 -206
2833 -204
2834 -202
2835 -210
2836 -208
2837 -211
2838 -208
2839 -197
2840 -193
2841 -185
2842 -173
2843 -165
2844 -162
2845 -163
2846 -163
2847 -165
2848 -160
2849 -157
2850 -162
2851 -166
2852 -164
2853 -169
2854 -170
2855 -171
2856 -172
2857 -163
2858 -159
2859 -153
2860 -152
2861 -153
2862 -150
2863 -147
2864 -142
2865 -134
2866 -128
2867 -119
2868 -103
2869 -85
2870 -83
2871 -86
2872 -96
2873 -108
2874 -123
2875 -133
2876 -135
2877 -141
2878 -147
2879 -158
2880 -162
2881 -166
2882 -170
2883 -172
2884 -173
2885 -178
2886 -185
2887 -189
2888 -192
2889 -189
2890 -190
2891 -186
2892 -190
2893 -214
2894 -224
2895 -218
2896 -164
2897 -45
2898 132
2899 315
2900 456
2901 533
2902 510
2903 379
2904 145
2905 -113
2906 -281
2907 -316
2908 -264
2909 -199
2910 -179
2911 -185
2912 -213
2913 -226
2914 -235
2915 -230
2916 -222
2917 -215
2918 -215
2919 -218
2920 -228
2921 -230
2922 -235
2923 -235
2924 -229
2925 -227
2926 -229
2927 -232
2928 -229
2929 -236
2930 -238
2931 -243
2932 -244
2933 -242
2934 -240
2935 -243
2936 -245
2937 -242
2938 -244
2939 -243
2940 -244
2941 -235
2942 -228
2943 -226
2944 -217
2945 -216
2946 -209
2947 -201
2948 -205
2949 -189
2950 -177
2951 -179
2952 -180
2953 -188
2954 -193
2955 -197
2956 -192
2957 -187
2958 -189
2959 -182
2960 -188
2961 -186
2962 -193
2963 -197
2964 -192
2965 -188
2966 -180
2967 -170
2968 -169
2969 -165
2970 -172
2971 -174
2972 -173
2973 -170
2974 -164
2975 -160
2976 -159
2977 -163
2978 -166
2979 -169
2980 -175
2981 -176
2982 -179
2983 -172
2984 -172
2985 -169
2986 -172
2987 -180
2988 -181
2989 -186
2990 -179
2991 -178
2992 -171
2993 -171
2994 -175
2995 -183
2996 -187
2997 -188
2998 -185
2999 -181
3000 -177
3001 -177
3002 -177
3003 -181
3004 -184
3005 -195
3006 -195
3007 -183
3008 -176
3009 -177
3010 -171
3011 -178
3012 -183
3013 -184
3014 -184
3015 -181
3016 -175
3017 -177
3018 -171
3019 -172
3020 -175
3021 -177
3022 -180
3023 -174
3024 -173
3025 -170
3026 -164
3027 -168
3028 -169
3029 -177
3030 -173
3031 -171
3032 -162
3033 -160
3034 -154
3035 -158
3036 -160
3037 -163
3038 -162
3039 -161
3040 -158
3041 -154
3042 -151
3043 -148
3044 -153
3045 -157
3046 -161
3047 -159
3048 -156
3049 -150
3050 -147
3051 -147
3052 -144
3053 -149
3054 -150
3055 -150
3056 -155
3057 -147
3058 -140
3059 -135
3060 -132
3061 -134
3062 -140
3063 -135
3064 -126
3065 -124
3066 -111
3067 -107
3068 -105
3069 -104
3070 -97
3071 -88
3072 -83
3073 -84
3074 -80
3075 -82
3076 -83
3077 -96
3078 -105
3079 -113
3080 -121
3081 -128
3082 -133
3083 -128
3084 -129
3085 -130
3086 -125
3087 -128
3088 -128
3089 -123
3090 -125
3091 -122
3092 -122
3093 -127
3094 -120
3095 -74
3096 32
3097 181
3098 356
3099 492
3100 570
3101 564
3102 464
3103 256
3104 3
3105 -186
3106 -256
3107 -225
3108 -156
3109 -116
3110 -106
3111 -113
3112 -132
3113 -144
3114 -148
3115 -138
3116 -137
3117 -136
3118 -133
3119 -136
3120 -137
3121 -144
3122 -148
3123 -149
3124 -148
3125 -144
3126 -140
3127 -141
3128 -143
3129 -148
3130 -153
3131 -152
3132 -147
3133 -144
3134 -132
3135 -133
3136 -137
3137 -138
3138 -140
3139 -137
3140 -134
3141 -127
3142 -118
3143 -114
3144 -103
3145 -105
3146 -109
3147 -105
3148 -103
3149 -89
3150 -85
3151 -74
3152 -67
3153 -70
3154 -75
3155 -83
3156 -86
3157 -91
3158 -87
3159 -86
3160 -81
3161 -89
3162 -96
3163 -97
3164 -100
3165 -93
3166 -92
3167 -86
3168 -88
3169 -89
3170 -91
3171 -87
3172 -87
3173 -87
3174 -80
3175 -81
3176 -72
3177 -78
3178 -74
3179 -76
3180 -78
3181 -76
3182 -73
3183 -72
3184 -72
3185 -73
3186 -74
3187 -79
3188 -86
3189 -91
3190 -91
3191 -82
3192 -78
3193 -79
3194 -72
3195 -70
3196 -76
3197 -79
3198 -75
3199 -63
3200 -45
3201 -26
3202 -19
3203 -21
3204 -42
3205 -64
3206 -83
3207 -84
3208 -77
3209 -73
3210 -78
3211 -84
3212 -96
3213 -102
3214 -106
3215 -111
3216 -105
3217 -100
3218 -102
3219 -106
3220 -106
3221 -108
3222 -109
3223 -114
3224 -121
3225 -108
3226 -61
3227 52
3228 210
3229 381
3230 517
3231 592
3232 584
3233 485
3234 287
3235 31
3236 -161
3237 -229
3238 -201
3239 -139
3240 -106
3241 -102
3242 -118
3243 -136
3244 -140
3245 -146
3246 -144
3247 -141
3248 -140
3249 -135
3250 -137
3251 -137
3252 -139
3253 -141
3254 -144
3255 -148
3256 -146
3257 -144
3258 -140
3259 -138
3260 -144
3261 -148
3262 -152
3263 -154
3264 -149
3265 -147
3266 -148
3267 -145
3268 -145
3269 -144
3270 -148
3271 -148
3272 -147
3273 -148
3274 -140
3275 -132
3276 -125
3277 -121
3278 -122
3279 -115
3280 -113
3281 -103
3282 -100
3283 -97
3284 -100
3285 -101
3286 -105
3287 -113
3288 -110
3289 -116
3290 -116
3291 -108
3292 -112
3293 -110
3294 -112
3295 -118
3296 -118
3297 -116
3298 -113
3299 -114
3300 -111
3301 -106
3302 -104
3303 -109
3304 -105
3305 -106
3306 -94
3307 -92
3308 -91
3309 -84
3310 -92
3311 -95
3312 -95
3313 -96
3314 -94
3315 -97
3316 -95
3317 -92
3318 -96
3319 -98
3320 -102
3321 -108
3322 -104
3323 -111
3324 -113
3325 -107
3326 -106
3327 -112
3328 -116
3329 -120
3330 -121
3331 -116
3332 -111
3333 -107
3334 -103
3335 -105
3336 -110
3337 -118
3338 -120
3339 -119
3340 -117
3341 -117
3342 -115
3343 -119
3344 -117
3345 -120
3346 -122
3347 -117
3348 -123
3349 -115
3350 -112
3351 -112
3352 -118
3353 -121
3354 -123
3355 -124
3356 -121
3357 -125
3358 -121
3359 -114
3360 -116
3361 -115
3362 -123
3363 -120
3364 -119
3365 -124
3366 -118
3367 -116
3368 -119
3369 -124
3370 -129
3371 -128
3372 -126
3373 -127
3374 -122
3375 -119
3376 -116
3377 -118
3378 -122
3379 -126
3380 -123
3381 -126
3382 -119
3383 -117
3384 -112
3385 -108
3386 -110
3387 -113
3388 -109
3389 -104
3390 -99
3391 -95
3392 -91
3393 -96
3394 -77
3395 -76
3396 -64
3397 -68
3398 -72
3399 -79
3400 -85
3401 -90
3402 -95
3403 -102
3404 -110
3405 -118
3406 -119
3407 -118
3408 -115
3409 -110
3410 -112
3411 -111
3412 -115
3413 -115
3414 -115
3415 -117
3416 -120
3417 -108
3418 -59
3419 49
3420 203
3421 376
3422 517
3423 578
3424 551
3425 422
3426 207
3427 -28
3428 -194
3429 -232
3430 -195
3431 -140
3432 -101
3433 -99
3434 -110
3435 -125
3436 -128
3437 -142
3438 -138
3439 -141
3440 -136
3441 -137
3442 -130
3443 -132
3444 -132
3445 -141
3446 -145
3447 -143
3448 -148
3449 -141
3450 -142
3451 -143
3452 -139
3453 -144
3454 -148
3455 -145
3456 -152
3457 -143
3458 -142
3459 -136
3460 -135
3461 -136
3462 -136
3463 -139
3464 -133
3465 -131
3466 -123
3467 -114
3468 -114
3469 -110
3470 -112
3471 -110
3472 -106
3473 -100
3474 -91
3475 -87
3476 -84
3477 -87
3478 -90
3479 -92
3480 -101
3481 -99
3482 -102
3483 -97
3484 -98
3485 -101
3486 -109
3487 -116
3488 -119
3489 -120
3490 -122
3491 -111
3492 -106
3493 -105
3494 -102
3495 -110
3496 -113
3497 -107
3498 -106
3499 -96
3500 -92
3501 -87
3502 -88
3503 -89
3504 -92
3505 -94
3506 -97
3507 -91
3508 -89
3509 -87
3510 -95
3511 -95
3512 -100
3513 -98
3514 -101
3515 -101
3516 -98
3517 -99
3518 -97
3519 -103
3520 -109
3521 -110
3522 -113
3523 -114
3524 -110
3525 -111
3526 -108
3527 -105
3528 -105
3529 -105
3530 -107
3531 -102
3532 -93
3533 -88
3534 -80
3535 -80
3536 -63
3537 -46
3538 -36
3539 -43
3540 -62
3541 -77
3542 -85
3543 -102
3544 -110
3545 -111
3546 -121
3547 -123
3548 -124
3549 -126
3550 -126
3551 -128
3552 -134
3553 -137
3554 -138
3555 -136
3556 -135
3557 -137
3558 -135
3559 -142
3560 -142
3561 -119
3562 -45
3563 89
3564 259
3565 420
3566 538
3567 581
3568 538
3569 400
3570 175
3571 -56
3572 -207
3573 -246
3574 -201
3575 -144
3576 -115
3577 -117
3578 -136
3579 -156
3580 -162
3581 -163
3582 -156
3583 -150
3584 -149
3585 -147
3586 -150
3587 -155
3588 -159
3589 -158
3590 -153
3591 -149
3592 -148
3593 -150
3594 -152
3595 -157
3596 -161
3597 -160
3598 -158
3599 -153
3600 -149
3601 -150
3602 -146
3603 -151
3604 -154
3605 -152
3606 -152
3607 -146
3608 -139
3609 -132
3610 -130
3611 -127
3612 -131
3613 -124
3614 -120
3615 -119
3616 -115
3617 -114
3618 -112
3619 -116
3620 -125
3621 -131
3622 -137
3623 -131
3624 -128
3625 -128
3626 -127
3627 -131
3628 -141
3629 -143
3630 -144
3631 -149
3632 -145
3633 -145
3634 -138
3635 -137
3636 -137
3637 -137
3638 -137
3639 -134
3640 -128
3641 -120
3642 -116
3643 -108
3644 -104
3645 -109
3646 -102
3647 -100
3648 -100
3649 -92
3650 -86
3651 -71
3652 -60
3653 -52
3654 -58
3655 -73
3656 -89
3657 -105
3658 -114
3659 -118
3660 -112
3661 -114
3662 -125
3663 -132
3664 -138
3665 -147
3666 -146
3667 -141
3668 -143
3669 -150
3670 -158
3671 -158
3672 -152
3673 -153
3674 -158
3675 -167
3676 -165
3677 -131
3678 -57
3679 71
3680 220
3681 381
3682 508
3683 563
3684 524
3685 337
3686 51
3687 -194
3688 -296
3689 -268
3690 -193
3691 -146
3692 -136
3693 -151
3694 -176
3695 -191
3696 -189
3697 -186
3698 -182
3699 -179
3700 -177
3701 -175
3702 -182
3703 -181
3704 -185
3705 -188
3706 -188
3707 -188
3708 -181
3709 -179
3710 -182
3711 -186
3712 -186
3713 -183
3714 -184
3715 -183
3716 -176
3717 -174
3718 -176
3719 -171
3720 -173
3721 -173
3722 -161
3723 -160
3724 -151
3725 -142
3726 -136
3727 -133
3728 -139
3729 -142
3730 -141
3731 -148
3732 -138
3733 -137
3734 -138
3735 -138
3736 -142
3737 -148
3738 -149
3739 -157
3740 -153
3741 -155
3742 -153
3743 -158
3744 -155
3745 -159
3746 -162
3747 -160
3748 -161
3749 -159
3750 -155
3751 -153
3752 -150
3753 -145
3754 -144
3755 -146
3756 -144
3757 -137
3758 -132
3759 -135
3760 -133
3761 -138
3762 -137
3763 -140
3764 -142
3765 -143
3766 -140
3767 -140
3768 -137
3769 -141
3770 -147
3771 -150
3772 -156
3773 -147
3774 -147
3775 -142
3776 -143
3777 -146
3778 -152
3779 -157
3780 -160
3781 -158
3782 -159
3783 -154
3784 -153
3785 -152
3786 -153
3787 -157
3788 -160
3789 -163
3790 -160
3791 -157
3792 -152
3793 -153
3794 -149
3795 -163
3796 -160
3797 -162
3798 -162
3799 -157
3800 -155
3801 -156
3802 -154
3803 -155
3804 -158
3805 -163
3806 -156
3807 -155
3808 -151
3809 -140
3810 -137
3811 -128
3812 -130
3813 -128
3814 -123
3815 -119
3816 -110
3817 -98
3818 -101
3819 -97
3820 -99
3821 -104
3822 -110
3823 -115
3824 -121
3825 -127
3826 -134
3827 -140
3828 -150
3829 -156
3830 -156
3831 -149
3832 -148
3833 -146
3834 -145
3835 -143
3836 -144
3837 -145
3838 -148
3839 -157
3840 -157
3841 -142
3842 -78
3843 42
3844 208
3845 381
3846 509
3847 569
3848 534
3849 390
3850 159
3851 -86
3852 -241
3853 -278
3854 -233
3855 -176
3856 -147
3857 -142
3858 -155
3859 -165
3860 -168
3861 -168
3862 -170
3863 -172
3864 -166
3865 -162
3866 -165
3867 -163
3868 -159
3869 -158
3870 -164
3871 -164
3872 -170
3873 -171
3874 -165
3875 -160
3876 -155
3877 -157
3878 -160
3879 -162
3880 -165
3881 -157
3882 -153
3883 -143
3884 -138
3885 -134
3886 -133
3887 -128
3888 -128
3889 -121
3890 -112
3891 -107
3892 -94
3893 -91
3894 -93
3895 -93
3896 -95
3897 -99
3898 -106
3899 -100
3900 -98
3901 -97
3902 -98
3903 -107
3904 -118
3905 -119
3906 -125
3907 -124
3908 -118
3909 -117
3910 -117
3911 -121
3912 -127
3913 -131
3914 -133
3915 -128
3916 -120
3917 -112
3918 -113
3919 -115
3920 -109
3921 -112
3922 -110
3923 -110
3924 -102
3925 -99
3926 -95
3927 -93
3928 -95
3929 -102
3930 -100
3931 -98
3932 -97
3933 -91
3934 -88
3935 -90
3936 -88
3937 -93
3938 -91
3939 -77
3940 -61
3941 -44
3942 -36
3943 -37
3944 -36
3945 -36
3946 -31
3947 -36
3948 -44
3949 -66
3950 -83
3951 -98
3952 -107
3953 -112
3954 -120
3955 -121
3956 -124
3957 -123
3958 -120
3959 -112
3960 -112
3961 -117
3962 -119
3963 -119
3964 -123
3965 -120
3966 -116
3967 -124
3968 -120
3969 -93
3970 -16
3971 118
3972 280
3973 428
3974 536
3975 588
3976 580
3977 492
3978 285
3979 16
3980 -185
3981 -245
3982 -197
3983 -133
3984 -97
3985 -101
3986 -120
3987 -144
3988 -150
3989 -145
3990 -140
3991 -137
3992 -129
3993 -131
3994 -137
3995 -136
3996 -144
3997 -140
3998 -140
3999 -141
4000 -137
4001 -138
4002 -135
4003 -141
4004 -144
4005 -145
4006 -144
4007 -140
4008 -138
4009 -133
4010 -128
4011 -126
4012 -132
4013 -128
4014 -119
4015 -120
4016 -110
4017 -107
4018 -99
4019 -95
4020 -93
4021 -95
4022 -92
4023 -97
4024 -100
4025 -93
4026 -91
4027 -96
4028 -105
4029 -117
4030 -119
4031 -121
4032 -123
4033 -122
4034 -120
4035 -119
4036 -126
4037 -130
4038 -131
4039 -134
4040 -129
4041 -123
4042 -120
4043 -114
4044 -111
4045 -109
4046 -98
4047 -103
4048 -100
4049 -91
4050 -72
4051 -53
4052 -43
4053 -33
4054 -44
4055 -59
4056 -81
4057 -88
4058 -97
4059 -99
4060 -103
4061 -106
4062 -112
4063 -121
4064 -128
4065 -136
4066 -137
4067 -137
4068 -135
4069 -138
4070 -143
4071 -153
4072 -158
4073 -161
4074 -168
4075 -174
4076 -161
4077 -106
4078 13
4079 189
4080 368
4081 508
4082 566
4083 535
4084 387
4085 149
4086 -97
4087 -259
4088 -280
4089 -230
4090 -173
4091 -146
4092 -151
4093 -174
4094 -197
4095 -204
4096 -202
4097 -206
4098 -201
4099 -204
4100 -198
4101 -198
4102 -199
4103 -203
4104 -205
4105 -207
4106 -210
4107 -208
4108 -208
4109 -209
4110 -202
4111 -206
4112 -207
4113 -213
4114 -211
4115 -210
4116 -208
4117 -202
4118 -199
4119 -199
4120 -196
4121 -199
4122 -196
4123 -189
4124 -181
4125 -176
4126 -176
4127 -168
4128 -175
4129 -177
4130 -180
4131 -180
4132 -185
4133 -185
4134 -181
4135 -180
4136 -188
4137 -195
4138 -199
4139 -201
4140 -199
4141 -202
4142 -195
4143 -197
4144 -200
4145 -202
4146 -205
4147 -202
4148 -204
4149 -202
4150 -196
4151 -193
4152 -190
4153 -191
4154 -196
4155 -193
4156 -194
4157 -192
4158 -191
4159 -181
4160 -178
4161 -179
4162 -182
4163 -188
4164 -189
4165 -189
4166 -185
4167 -181
4168 -185
4169 -184
4170 -185
4171 -194
4172 -193
4173 -196
4174 -193
4175 -190
4176 -189
4177 -194
4178 -198
4179 -199
4180 -204
4181 -199
4182 -201
4183 -197
4184 -194
4185 -194
4186 -201
4187 -201
4188 -209
4189 -207
4190 -203
4191 -201
4192 -197
4193 -202
4194 -200
4195 -204
4196 -210
4197 -209
4198 -203
4199 -201
4200 -200
4201 -197
4202 -200
4203 -204
4204 -204
4205 -207
4206 -204
4207 -200
4208 -194
4209 -194
4210 -192
4211 -195
4212 -190
4213 -186
4214 -184
4215 -182
4216 -180
4217 -167
4218 -158
4219 -150
4220 -146
4221 -148
4222 -155
4223 -160
4224 -160
4225 -163
4226 -164
4227 -171
4228 -183
4229 -191
4230 -199
4231 -201
4232 -201
4233 -195
4234 -192
4235 -188
4236 -189
4237 -188
4238 -187
4239 -185
4240 -185
4241 -185
4242 -181
4243 -140
4244 -59
4245 64
4246 224
4247 371
4248 489
4249 533
4250 509
4251 388
4252 175
4253 -66
4254 -246
4255 -305
4256 -274
4257 -217
4258 -176
4259 -168
4260 -183
4261 -200
4262 -205
4263 -208
4264 -205
4265 -208
4266 -198
4267 -196
4268 -197
4269 -198
4270 -203
4271 -210
4272 -211
4273 -208
4274 -198
4275 -195
4276 -189
4277 -189
4278 -195
4279 -200
4280 -204
4281 -198
4282 -190
4283 -184
4284 -180
4285 -176
4286 -177
4287 -177
4288 -172
4289 -169
4290 -160
4291 -154
4292 -143
4293 -138
4294 -136
4295 -134
4296 -125
4297 -120
4298 -117
4299 -114
4300 -117
4301 -117
4302 -117
4303 -123
4304 -122
4305 -132
4306 -139
4307 -144
4308 -140
4309 -138
4310 -142
4311 -148
4312 -153
4313 -155
4314 -152
4315 -149
4316 -146
4317 -148
4318 -153
4319 -153
4320 -152
4321 -146
4322 -147
4323 -139
4324 -135
4325 -138
4326 -134
4327 -132
4328 -134
4329 -134
4330 -133
4331 -136
4332 -128
4333 -120
4334 -122
4335 -119
4336 -120
4337 -121
4338 -123
4339 -126
4340 -121
4341 -116
4342 -109
4343 -102
4344 -92
4345 -80
4346 -83
4347 -79
4348 -79
4349 -72
4350 -63
4351 -60
4352 -68
4353 -81
4354 -103
4355 -119
4356 -133
4357 -136
4358 -136
4359 -136
4360 -137
4361 -143
4362 -148
4363 -149
4364 -153
4365 -148
4366 -144
4367 -147
4368 -142
4369 -142
4370 -145
4371 -148
4372 -153
4373 -151
4374 -136
4375 -87
4376 9
4377 146
4378 302
4379 434
4380 525
4381 562
4382 546
4383 456
4384 255
4385 -13
4386 -206
4387 -270
4388 -231
4389 -168
4390 -129
4391 -130
4392 -147
4393 -160
4394 -169
4395 -170
4396 -164
4397 -161
4398 -161
4399 -163
4400 -158
4401 -156
4402 -159
4403 -164
4404 -165
4405 -169
4406 -171
4407 -169
4408 -161
4409 -157
4410 -158
4411 -162
4412 -166
4413 -170
4414 -164
4415 -161
4416 -153
4417 -146
4418 -140
4419 -137
4420 -138
4421 -137
4422 -135
4423 -134
4424 -125
4425 -117
4426 -114
4427 -109
4428 -108
4429 -110
4430 -112
4431 -112
4432 -110
4433 -106
4434 -109
4435 -116
4436 -116
4437 -125
4438 -133
4439 -138
4440 -136
4441 -135
4442 -128
4443 -131
4444 -128
4445 -139
4446 -144
4447 -142
4448 -142
4449 -132
4450 -129
4451 -126
4452 -126
4453 -126
4454 -117
4455 -116
4456 -112
4457 -110
4458 -101
4459 -86
4460 -70
4461 -53
4462 -46
4463 -50
4464 -59
4465 -70
4466 -81
4467 -89
4468 -92
4469 -92
4470 -100
4471 -100
4472 -106
4473 -111
4474 -113
4475 -117
4476 -118
4477 -121
4478 -124
4479 -128
4480 -133
4481 -135
4482 -133
4483 -128
4484 -138
4485 -151
4486 -149
4487 -98
4488 7
4489 165
4490 342
4491 495
4492 582
4493 598
4494 540
4495 391
4496 167
4497 -67
4498 -215
4499 -239
4500 -188
4501 -138
4502 -119
4503 -133
4504 -158
4505 -171
4506 -176
4507 -179
4508 -173
4509 -165
4510 -168
4511 -173
4512 -170
4513 -176
4514 -179
4515 -178
4516 -183
4517 -176
4518 -173
4519 -176
4520 -174
4521 -180
4522 -180
4523 -173
4524 -170
4525 -168
4526 -165
4527 -164
4528 -163
4529 -160
4530 -153
4531 -148
4532 -140
4533 -138
4534 -130
4535 -130
4536 -125
4537 -128
4538 -129
4539 -129
4540 -128
4541 -124
4542 -128
4543 -128
4544 -136
4545 -140
4546 -155
4547 -156
4548 -159
4549 -156
4550 -153
4551 -153
4552 -153
4553 -160
4554 -163
4555 -168
4556 -164
4557 -166
4558 -161
4559 -162
4560 -159
4561 -165
4562 -165
4563 -168
4564 -170
4565 -164
4566 -163
4567 -155
4568 -156
4569 -155
4570 -159
4571 -153
4572 -157
4573 -155
4574 -145
4575 -146
4576 -146
4577 -155
4578 -158
4579 -161
4580 -165
4581 -163
4582 -162
4583 -160
4584 -157
4585 -162
4586 -163
4587 -167
4588 -172
4589 -173
4590 -174
4591 -170
4592 -171
4593 -167
4594 -167
4595 -174
4596 -184
4597 -185
4598 -181
4599 -182
4600 -173
4601 -171
4602 -173
4603 -180
4604 -189
4605 -191
4606 -189
4607 -185
4608 -178
4609 -179
4610 -176
4611 -180
4612 -184
4613 -189
4614 -187
4615 -181
4616 -179
4617 -177
4618 -176
4619 -181
4620 -188
4621 -190
4622 -192
4623 -191
4624 -186
4625 -180
4626 -176
4627 -173
4628 -180
4629 -181
4630 -178
4631 -169
4632 -164
4633 -152
4634 -154
4635 -145
4636 -139
4637 -133
4638 -132
4639 -136
4640 -132
4641 -132
4642 -135
4643 -143
4644 -151
4645 -160
4646 -168
4647 -164
4648 -170
4649 -171
4650 -173
4651 -170
4652 -172
4653 -172
4654 -173
4655 -175
4656 -172
4657 -169
4658 -166
4659 -166
4660 -163
4661 -147
4662 -93
4663 21
4664 185
4665 361
4666 504
4667 578
4668 561
4669 436
4670 212
4671 -49
4672 -236
4673 -302
4674 -264
4675 -204
4676 -162
4677 -156
4678 -170
4679 -190
4680 -202
4681 -201
4682 -190
4683 -186
4684 -182
4685 -182
4686 -188
4687 -190
4688 -194
4689 -193
4690 -191
4691 -186
4692 -189
4693 -187
4694 -187
4695 -191
4696 -193
4697 -192
4698 -188
4699 -187
4700 -178
4701 -173
4702 -168
4703 -176
4704 -170
4705 -168
4706 -162
4707 -151
4708 -138
4709 -130
4710 -126
4711 -128
4712 -124
4713 -126
4714 -118
4715 -115
4716 -103
4717 -101
4718 -102
4719 -105
4720 -110
4721 -121
4722 -128
4723 -131
4724 -128
4725 -131
4726 -134
4727 -137
4728 -139
4729 -147
4730 -150
4731 -155
4732 -154
4733 -150
4734 -145
4735 -144
4736 -148
4737 -151
4738 -154
4739 -157
4740 -153
4741 -151
4742 -145
4743 -140
4744 -141
4745 -140
4746 -148
4747 -148
4748 -145
4749 -137
4750 -129
4751 -124
4752 -128
4753 -128
4754 -129
4755 -131
4756 -129
4757 -130
4758 -128
4759 -127
4760 -125
4761 -121
4762 -120
4763 -114
4764 -116
4765 -113
4766 -110
4767 -102
4768 -84
4769 -67
4770 -61
4771 -71
4772 -84
4773 -99
4774 -116
4775 -125
4776 -121
4777 -125
4778 -130
4779 -143
4780 -147
4781 -147
4782 -151
4783 -147
4784 -140
4785 -137
4786 -138
4787 -143
4788 -146
4789 -147
4790 -146
4791 -145
4792 -143
4793 -134
4794 -93
4795 -6
4796 126
4797 291
4798 457
4799 571
4800 601
4801 482
4802 217
4803 -68
4804 -245
4805 -266
4806 -204
4807 -136
4808 -111
4809 -117
4810 -137
4811 -154
4812 -168
4813 -167
4814 -159
4815 -154
4816 -148
4817 -139
4818 -144
4819 -148
4820 -146
4821 -157
4822 -157
4823 -158
4824 -155
4825 -155
4826 -143
4827 -144
4828 -152
4829 -153
4830 -151
4831 -147
4832 -141
4833 -133
4834 -124
4835 -122
4836 -124
4837 -128
4838 -124
4839 -115
4840 -111
4841 -104
4842 -93
4843 -89
4844 -84
4845 -88
4846 -88
4847 -93
4848 -92
4849 -91
4850 -88
4851 -92
4852 -88
4853 -98
4854 -104
4855 -112
4856 -112
4857 -110
4858 -111
4859 -115
4860 -110
4861 -122
4862 -117
4863 -120
4864 -117
4865 -116
4866 -111
4867 -104
4868 -101
4869 -96
4870 -96
4871 -100
4872 -98
4873 -77
4874 -64
4875 -44
4876 -34
4877 -38
4878 -46
4879 -69
4880 -76
4881 -83
4882 -83
4883 -78
4884 -77
4885 -82
4886 -89
4887 -101
4888 -104
4889 -107
4890 -110
4891 -110
4892 -108
4893 -113
4894 -111
4895 -117
4896 -122
4897 -127
4898 -134
4899 -136
4900 -95
4901 17
4902 201
4903 404
4904 557
4905 633
4906 619
4907 505
4908 297
4909 45
4910 -151
4911 -223
4912 -196
4913 -146
4914 -109
4915 -114
4916 -133
4917 -141
4918 -149
4919 -149
4920 -150
4921 -152
4922 -150
4923 -150
4924 -146
4925 -142
4926 -139
4927 -144
4928 -148
4929 -147
4930 -151
4931 -153
4932 -150
4933 -142
4934 -141
4935 -138
4936 -137
4937 -142
4938 -139
4939 -138
4940 -128
4941 -120
4942 -115
4943 -107
4944 -103
4945 -103
4946 -96
4947 -94
4948 -86
4949 -84
4950 -79
4951 -74
4952 -78
4953 -79
4954 -89
4955 -95
4956 -100
4957 -99
4958 -96
4959 -100
4960 -94
4961 -104
4962 -109
4963 -116
4964 -120
4965 -124
4966 -116
4967 -120
4968 -112
4969 -109
4970 -112
4971 -118
4972 -118
4973 -118
4974 -115
4975 -108
4976 -101
4977 -97
4978 -94
4979 -90
4980 -90
4981 -91
4982 -84
4983 -67
4984 -46
4985 -32
4986 -25
4987 -31
4988 -49
4989 -58
4990 -65
4991 -69
4992 -73
4993 -77
4994 -79
4995 -88
4996 -100
4997 -107
4998 -109
4999 -109
5000 -113
5001 -117
5002 -117
5003 -126
5004 -127
5005 -125
5006 -121
5007 -122
5008 -130
5009 -138
5010 -116
5011 -45
5012 96
5013 279
5014 460
5015 580
5016 619
5017 563
5018 408
5019 169
5020 -71
5021 -208
5022 -224
5023 -173
5024 -121
5025 -102
5026 -112
5027 -135
5028 -157
5029 -161
5030 -156
5031 -157
5032 -152
5033 -150
5034 -149
5035 -146
5036 -145
5037 -150
5038 -155
5039 -158
5040 -156
5041 -157
5042 -147
5043 -142
5044 -145
5045 -155
5046 -158
5047 -162
5048 -155
5049 -147
5050 -139
5051 -130
5052 -128
5053 -126
5054 -126
5055 -120
5056 -116
5057 -109
5058 -94
5059 -86
5060 -85
5061 -79
5062 -86
5063 -86
5064 -89
5065 -93
5066 -92
5067 -96
5068 -90
5069 -105
5070 -113
5071 -121
5072 -127
5073 -128
5074 -125
5075 -128
5076 -124
5077 -127
5078 -133
5079 -141
5080 -145
5081 -140
5082 -137
5083 -132
5084 -124
5085 -125
5086 -125
5087 -130
5088 -124
5089 -113
5090 -112
5091 -111
5092 -100
5093 -84
5094 -74
5095 -62
5096 -63
5097 -69
5098 -84
5099 -90
5100 -101
5101 -106
5102 -114
5103 -115
5104 -116
5105 -122
5106 -135
5107 -143
5108 -147
5109 -143
5110 -143
5111 -145
5112 -151
5113 -152
5114 -155
5115 -153
5116 -157
5117 -162
5118 -176
5119 -181
