0.003
0 824
1 824
2 824
3 824
4 824
5 824
6 824
7 827
8 830
9 830
10 830
11 830
12 828
13 829
14 829
15 827
16 828
17 830
18 829
19 833
20 835
21 834
22 831
23 834
24 833
25 832
26 832
27 831
28 830
29 831
30 834
31 834
32 839
33 838
34 836
35 837
36 836
37 834
38 831
39 832
40 834
41 833
42 836
43 835
44 839
45 839
46 838
47 838
48 837
49 835
50 834
51 834
52 835
53 836
54 837
55 840
56 840
57 840
58 841
59 841
60 840
61 840
62 838
63 838
64 834
65 833
66 838
67 841
68 843
69 844
70 842
71 840
72 839
73 839
74 839
75 840
76 838
77 837
78 840
79 843
80 843
81 845
82 844
83 843
84 841
85 840
86 842
87 840
88 839
89 842
90 841
91 844
92 845
93 844
94 844
95 843
96 842
97 842
98 840
99 840
100 840
101 840
102 842
103 840
104 844
105 845
106 844
107 843
108 841
109 842
110 840
111 839
112 837
113 842
114 843
115 843
116 845
117 845
118 845
119 844
120 842
121 843
122 841
123 840
124 841
125 842
126 840
127 844
128 846
129 845
130 845
131 845
132 843
133 842
134 841
135 842
136 841
137 840
138 844
139 844
140 845
141 847
142 845
143 844
144 844
145 843
146 841
147 840
148 840
149 842
150 843
151 844
152 845
153 847
154 846
155 847
156 847
157 846
158 844
159 846
160 845
161 847
162 850
163 848
164 851
165 850
166 850
167 850
168 851
169 852
170 854
171 854
172 857
173 860
174 860
175 862
176 862
177 861
178 858
179 857
180 854
181 851
182 851
183 850
184 850
185 851
186 850
187 852
188 855
189 858
190 860
191 861
192 861
193 860
194 859
195 856
196 855
197 853
198 849
199 848
200 848
201 845
202 842
203 840
204 838
205 837
206 839
207 839
208 838
209 840
210 842
211 842
212 843
213 842
214 837
215 837
216 837
217 841
218 854
219 874
220 893
221 910
222 924
223 931
224 935
225 925
226 902
227 874
228 840
229 821
230 821
231 842
232 880
233 929
234 982
235 1031
236 1076
237 1122
238 1162
239 1200
240 1229
241 1250
242 1262
243 1263
244 1257
245 1241
246 1218
247 1187
248 1151
249 1109
250 1067
251 1024
252 981
253 938
254 895
255 857
256 828
257 810
258 799
259 796
260 798
261 800
262 805
263 808
264 807
265 810
266 810
267 812
268 815
269 817
270 820
271 821
272 824
273 824
274 823
275 820
276 819
277 816
278 816
279 814
280 815
281 816
282 818
283 819
284 821
285 822
286 819
287 819
288 817
289 815
290 816
291 815
292 816
293 816
294 819
295 820
296 821
297 820
298 820
299 817
300 815
301 814
302 812
303 812
304 812
305 813
306 812
307 815
308 814
309 813
310 813
311 810
312 809
313 809
314 808
315 806
316 806
317 807
318 806
319 808
320 807
321 808
322 807
323 806
324 802
325 799
326 799
327 797
328 794
329 794
330 796
331 796
332 797
333 793
334 790
335 789
336 785
337 786
338 787
339 784
340 784
341 785
342 784
343 782
344 785
345 783
346 785
347 783
348 782
349 782
350 780
351 782
352 782
353 783
354 788
355 788
356 791
357 792
358 792
359 793
360 795
361 796
362 800
363 801
364 803
365 806
366 810
367 814
368 820
369 823
370 825
371 830
372 831
373 834
374 837
375 837
376 840
377 844
378 847
379 854
380 855
381 856
382 855
383 859
384 857
385 857
386 858
387 858
388 860
389 860
390 860
391 862
392 862
393 861
394 859
395 855
396 852
397 849
398 847
399 844
400 843
401 843
402 843
403 841
404 844
405 840
406 839
407 836
408 836
409 831
410 832
411 830
412 830
413 830
414 832
415 832
416 832
417 830
418 830
419 832
420 829
421 828
422 829
423 826
424 828
425 830
426 831
427 833
428 834
429 834
430 833
431 833
432 835
433 836
434 833
435 834
436 837
437 837
438 838
439 839
440 841
441 841
442 840
443 842
444 839
445 839
446 838
447 838
448 838
449 840
450 839
451 843
452 842
453 843
454 844
455 845
456 842
457 842
458 843
459 842
460 842
461 843
462 845
463 846
464 849
465 847
466 847
467 845
468 846
469 843
470 844
471 843
472 845
473 845
474 846
475 846
476 849
477 850
478 848
479 848
480 848
481 845
482 844
483 844
484 844
485 845
486 847
487 849
488 852
489 852
490 852
491 851
492 850
493 851
494 848
495 850
496 849
497 851
498 852
499 852
500 853
501 853
502 853
503 851
504 851
505 851
506 848
507 850
508 851
509 850
510 852
511 851
512 855
513 855
514 855
515 855
516 852
517 852
518 851
519 849
520 849
521 851
522 851
523 852
524 852
525 855
526 856
527 854
528 852
529 852
530 849
531 852
532 852
533 852
534 852
535 855
536 856
537 856
538 854
539 855
540 851
541 852
542 850
543 849
544 848
545 847
546 852
547 853
548 855
549 857
550 855
551 853
552 852
553 851
554 851
555 850
556 852
557 851
558 855
559 853
560 857
561 854
562 852
563 856
564 853
565 853
566 852
567 853
568 852
569 853
570 855
571 856
572 856
573 857
574 855
575 855
576 856
577 852
578 853
579 853
580 852
581 852
582 853
583 852
584 854
585 855
586 856
587 852
588 852
589 850
590 848
591 853
592 851
593 854
594 854
595 855
596 856
597 857
598 857
599 857
600 853
601 854
602 853
603 853
604 855
605 854
606 857
607 856
608 858
609 857
610 859
611 860
612 859
613 857
614 857
615 858
616 859
617 860
618 858
619 859
620 860
621 863
622 865
623 865
624 866
625 866
626 865
627 866
628 868
629 868
630 867
631 866
632 866
633 864
634 863
635 860
636 860
637 861
638 860
639 861
640 865
641 869
642 870
643 873
644 874
645 873
646 869
647 867
648 867
649 861
650 855
651 853
652 850
653 851
654 852
655 851
656 854
657 855
658 854
659 855
660 852
661 852
662 851
663 851
664 851
665 849
666 849
667 849
668 856
669 864
670 879
671 896
672 911
673 925
674 932
675 929
676 922
677 902
678 876
679 854
680 843
681 855
682 886
683 933
684 983
685 1039
686 1093
687 1143
688 1192
689 1235
690 1270
691 1293
692 1304
693 1302
694 1283
695 1260
696 1227
697 1185
698 1137
699 1091
700 1046
701 999
702 955
703 908
704 869
705 838
706 815
707 802
708 795
709 797
710 800
711 804
712 809
713 814
714 820
715 820
716 826
717 831
718 830
719 828
720 828
721 825
722 822
723 821
724 823
725 825
726 828
727 828
728 829
729 828
730 828
731 826
732 825
733 823
734 823
735 821
736 822
737 824
738 825
739 827
740 828
741 828
742 828
743 825
744 823
745 822
746 817
747 818
748 818
749 819
750 821
751 823
752 824
753 824
754 823
755 819
756 815
757 813
758 813
759 811
760 809
761 808
762 811
763 809
764 812
765 808
766 809
767 808
768 806
769 803
770 802
771 800
772 798
773 798
774 800
775 800
776 802
777 800
778 800
779 797
780 797
781 792
782 792
783 791
784 790
785 791
786 792
787 794
788 797
789 795
790 795
791 796
792 795
793 795
794 796
795 796
796 802
797 804
798 810
799 812
800 817
801 821
802 822
803 823
804 826
805 827
806 830
807 833
808 836
809 839
810 846
811 849
812 852
813 855
814 859
815 860
816 861
817 864
818 862
819 863
820 864
821 865
822 870
823 869
824 871
825 870
826 870
827 866
828 865
829 861
830 858
831 858
832 854
833 850
834 849
835 850
836 850
837 847
838 844
839 842
840 838
841 838
842 830
843 827
844 832
845 829
846 830
847 831
848 830
849 831
850 829
851 829
852 825
853 824
854 824
855 823
856 823
857 824
858 825
859 829
860 828
861 829
862 828
863 830
864 827
865 827
866 828
867 828
868 830
869 833
870 835
871 838
872 840
873 841
874 839
875 839
876 838
877 840
878 837
879 836
880 838
881 839
882 842
883 843
884 844
885 844
886 843
887 843
888 842
889 843
890 842
891 841
892 840
893 844
894 847
895 848
896 850
897 849
898 850
899 848
900 846
901 844
902 842
903 844
904 845
905 848
906 848
907 849
908 850
909 851
910 850
911 850
912 850
913 848
914 847
915 848
916 848
917 848
918 850
919 852
920 853
921 853
922 853
923 854
924 851
925 850
926 849
927 850
928 851
929 851
930 852
931 853
932 856
933 856
934 856
935 855
936 854
937 851
938 852
939 850
940 850
941 853
942 853
943 852
944 855
945 856
946 855
947 857
948 854
949 853
950 850
951 849
952 849
953 852
954 851
955 854
956 856
957 856
958 856
959 854
960 856
961 852
962 851
963 851
964 851
965 854
966 855
967 856
968 859
969 860
970 860
971 859
972 856
973 854
974 855
975 853
976 851
977 851
978 856
979 856
980 859
981 860
982 859
983 858
984 858
985 857
986 856
987 855
988 855
989 854
990 857
991 856
992 857
993 857
994 860
995 859
996 857
997 857
998 853
999 855
1000 855
1001 856
1002 859
1003 860
1004 859
1005 861
1006 859
1007 859
1008 857
1009 856
1010 857
1011 857
1012 857
1013 856
1014 857
1015 858
1016 861
1017 862
1018 863
1019 861
1020 858
1021 856
1022 858
1023 858
1024 858
1025 860
1026 860
1027 863
1028 864
1029 862
1030 861
1031 862
1032 858
1033 859
1034 856
1035 856
1036 857
1037 859
1038 862
1039 865
1040 866
1041 867
1042 864
1043 863
1044 861
1045 860
1046 861
1047 861
1048 858
1049 862
1050 866
1051 873
1052 876
1053 878
1054 878
1055 877
1056 877
1057 874
1058 874
1059 874
1060 870
1061 868
1062 868
1063 870
1064 871
1065 870
1066 870
1067 871
1068 869
1069 869
1070 871
1071 874
1072 874
1073 877
1074 877
1075 877
1076 874
1077 871
1078 869
1079 864
1080 859
1081 857
1082 855
1083 856
1084 857
1085 858
1086 859
1087 862
1088 863
1089 860
1090 859
1091 858
1092 855
1093 852
1094 850
1095 857
1096 873
1097 892
1098 914
1099 932
1100 946
1101 949
1102 942
1103 921
1104 887
1105 856
1106 839
1107 841
1108 873
1109 921
1110 980
1111 1036
1112 1091
1113 1138
1114 1180
1115 1215
1116 1242
1117 1256
1118 1261
1119 1256
1120 1245
1121 1228
1122 1206
1123 1172
1124 1135
1125 1092
1126 1053
1127 1011
1128 965
1129 921
1130 885
1131 849
1132 831
1133 819
1134 815
1135 817
1136 819
1137 824
1138 829
1139 830
1140 831
1141 834
1142 837
1143 839
1144 838
1145 840
1146 841
1147 842
1148 840
1149 841
1150 840
1151 839
1152 837
1153 836
1154 836
1155 835
1156 836
1157 837
1158 837
1159 839
1160 841
1161 839
1162 836
1163 838
1164 838
1165 836
1166 836
1167 834
1168 835
1169 835
1170 833
1171 836
1172 835
1173 835
1174 836
1175 832
1176 833
1177 830
1178 829
1179 827
1180 828
1181 830
1182 829
1183 830
1184 831
1185 830
1186 825
1187 824
1188 823
1189 822
1190 821
1191 820
1192 820
1193 820
1194 821
1195 819
1196 819
1197 817
1198 816
1199 820
1200 814
1201 813
1202 812
1203 809
1204 809
1205 810
1206 810
1207 812
1208 811
1209 811
1210 809
1211 806
1212 803
1213 799
1214 800
1215 799
1216 799
1217 800
1218 801
1219 802
1220 802
1221 802
1222 799
1223 798
1224 799
1225 801
1226 801
1227 802
1228 806
1229 808
1230 813
1231 814
1232 817
1233 818
1234 822
1235 824
1236 827
1237 828
1238 831
1239 834
1240 837
1241 842
1242 847
1243 851
1244 855
1245 858
1246 861
1247 864
1248 864
1249 867
1250 867
1251 867
1252 871
1253 874
1254 877
1255 879
1256 880
1257 880
1258 880
1259 876
1260 873
1261 874
1262 874
1263 875
1264 874
1265 871
1266 873
1267 872
1268 871
1269 869
1270 867
1271 862
1272 860
1273 858
1274 857
1275 856
1276 853
1277 855
1278 854
1279 854
1280 855
1281 853
1282 854
1283 852
1284 849
1285 850
1286 849
1287 849
1288 848
1289 849
1290 852
1291 853
1292 854
1293 856
1294 855
1295 854
1296 854
1297 853
1298 854
1299 853
1300 855
1301 857
1302 858
1303 858
1304 862
1305 863
1306 861
1307 857
1308 855
1309 857
1310 856
1311 858
1312 862
1313 862
1314 863
1315 868
1316 866
1317 868
1318 865
1319 865
1320 867
1321 865
1322 862
1323 864
1324 866
1325 865
1326 865
1327 869
1328 871
1329 871
1330 872
1331 871
1332 872
1333 870
1334 868
1335 869
1336 872
1337 871
1338 873
1339 873
1340 876
1341 875
1342 875
1343 874
1344 872
1345 871
1346 870
1347 873
1348 873
1349 874
1350 875
1351 876
1352 875
1353 874
1354 875
1355 874
1356 876
1357 877
1358 875
1359 874
1360 873
1361 875
1362 878
1363 878
1364 880
1365 879
1366 881
1367 879
1368 878
1369 877
1370 878
1371 878
1372 877
1373 881
1374 883
1375 883
1376 885
1377 885
1378 886
1379 884
1380 883
1381 883
1382 882
1383 880
1384 880
1385 880
1386 886
1387 888
1388 887
1389 887
1390 887
1391 886
1392 886
1393 885
1394 883
1395 884
1396 885
1397 888
1398 890
1399 892
1400 890
1401 893
1402 893
1403 888
1404 889
1405 887
1406 888
1407 886
1408 888
1409 888
1410 890
1411 893
1412 892
1413 890
1414 891
1415 889
1416 888
1417 888
1418 890
1419 891
1420 891
1421 894
1422 895
1423 898
1424 898
1425 897
1426 895
1427 893
1428 893
1429 892
1430 891
1431 894
1432 894
1433 896
1434 894
1435 897
1436 900
1437 898
1438 897
1439 894
1440 893
1441 893
1442 893
1443 894
1444 896
1445 898
1446 899
1447 899
1448 898
1449 898
1450 901
1451 898
1452 898
1453 898
1454 896
1455 895
1456 900
1457 900
1458 905
1459 903
1460 906
1461 904
1462 905
1463 902
1464 899
1465 899
1466 902
1467 903
1468 903
1469 905
1470 907
1471 909
1472 913
1473 912
1474 913
1475 912
1476 911
1477 908
1478 908
1479 909
1480 911
1481 912
1482 918
1483 923
1484 926
1485 925
1486 927
1487 924
1488 922
1489 920
1490 917
1491 913
1492 915
1493 917
1494 917
1495 919
1496 919
1497 920
1498 917
1499 917
1500 919
1501 922
1502 927
1503 926
1504 928
1505 928
1506 928
1507 927
1508 923
1509 918
1510 916
1511 911
1512 909
1513 905
1514 905
1515 905
1516 907
1517 908
1518 910
1519 912
1520 913
1521 913
1522 911
1523 910
1524 907
1525 902
1526 904
1527 910
1528 921
1529 936
1530 954
1531 972
1532 987
1533 991
1534 991
1535 978
1536 959
1537 932
1538 912
1539 910
1540 930
1541 969
1542 1020
1543 1076
1544 1128
1545 1176
1546 1220
1547 1258
1548 1293
1549 1319
1550 1335
1551 1344
1552 1347
1553 1334
1554 1320
1555 1299
1556 1266
1557 1223
1558 1183
1559 1143
1560 1104
1561 1066
1562 1024
1563 986
1564 948
1565 914
1566 889
1567 872
1568 864
1569 862
1570 861
1571 864
1572 868
1573 871
1574 873
1575 876
1576 880
1577 883
1578 889
1579 890
1580 893
1581 892
1582 891
1583 890
1584 888
1585 885
1586 883
1587 883
1588 883
1589 885
1590 890
1591 891
1592 892
1593 891
1594 888
1595 886
1596 887
1597 885
1598 884
1599 884
1600 884
1601 885
1602 886
1603 886
1604 889
1605 888
1606 886
1607 886
1608 884
1609 883
1610 881
1611 882
1612 881
1613 884
1614 885
1615 884
1616 886
1617 886
1618 883
1619 882
1620 880
1621 878
1622 875
1623 875
1624 875
1625 878
1626 876
1627 875
1628 880
1629 879
1630 874
1631 874
1632 873
1633 871
1634 870
1635 870
1636 868
1637 869
1638 867
1639 869
1640 869
1641 868
1642 865
1643 863
1644 860
1645 859
1646 860
1647 859
1648 857
1649 859
1650 861
1651 860
1652 861
1653 859
1654 856
1655 858
1656 857
1657 855
1658 856
1659 856
1660 858
1661 858
1662 861
1663 864
1664 866
1665 866
1666 868
1667 867
1668 868
1669 869
1670 871
1671 875
1672 879
1673 883
1674 889
1675 892
1676 894
1677 896
1678 900
1679 905
1680 907
1681 908
1682 908
1683 913
1684 916
1685 917
1686 920
1687 926
1688 930
1689 931
1690 933
1691 933
1692 932
1693 929
1694 933
1695 931
1696 933
1697 934
1698 935
1699 934
1700 934
1701 934
1702 933
1703 928
1704 923
1705 922
1706 920
1707 917
1708 915
1709 914
1710 913
1711 913
1712 911
1713 908
1714 907
1715 901
1716 900
1717 895
1718 893
1719 893
1720 891
1721 892
1722 893
1723 895
1724 894
1725 893
1726 891
1727 889
1728 888
1729 886
1730 885
1731 886
1732 888
1733 889
1734 891
1735 894
1736 897
1737 894
1738 896
1739 894
1740 894
1741 893
1742 894
1743 895
1744 894
1745 897
1746 901
1747 900
1748 903
1749 900
1750 901
1751 899
1752 902
1753 900
1754 900
1755 899
1756 898
1757 901
1758 905
1759 905
1760 909
1761 906
1762 908
1763 908
1764 906
1765 905
1766 906
1767 906
1768 908
1769 910
1770 911
1771 912
1772 914
1773 911
1774 909
1775 910
1776 908
1777 909
1778 905
1779 905
1780 908
1781 909
1782 910
1783 911
1784 912
1785 914
1786 913
1787 910
1788 911
1789 908
1790 909
1791 907
1792 908
1793 908
1794 911
1795 913
1796 914
1797 913
1798 913
1799 911
1800 912
1801 910
1802 910
1803 909
1804 910
1805 909
1806 913
1807 912
1808 913
1809 914
1810 912
1811 910
1812 911
1813 909
1814 908
1815 911
1816 912
1817 913
1818 913
1819 915
1820 914
1821 914
1822 914
1823 909
1824 911
1825 911
1826 910
1827 911
1828 911
1829 913
1830 916
1831 913
1832 914
1833 912
1834 912
1835 913
1836 909
1837 910
1838 909
1839 908
1840 910
1841 911
1842 914
1843 915
1844 917
1845 915
1846 916
1847 913
1848 913
1849 911
1850 912
1851 912
1852 912
1853 913
1854 911
1855 913
1856 914
1857 913
1858 913
1859 914
1860 913
1861 911
1862 912
1863 914
1864 913
1865 912
1866 910
1867 911
1868 912
1869 914
1870 913
1871 913
1872 914
1873 910
1874 911
1875 910
1876 911
1877 912
1878 913
1879 914
1880 915
1881 914
1882 913
1883 913
1884 911
1885 911
1886 910
1887 907
1888 909
1889 910
1890 914
1891 914
1892 917
1893 914
1894 912
1895 913
1896 911
1897 911
1898 911
1899 910
1900 912
1901 911
1902 914
1903 916
1904 917
1905 916
1906 914
1907 914
1908 910
1909 911
1910 911
1911 912
1912 914
1913 918
1914 916
1915 918
1916 919
1917 917
1918 917
1919 914
1920 916
1921 916
1922 918
1923 920
1924 922
1925 925
1926 927
1927 928
1928 927
1929 926
1930 924
1931 921
1932 918
1933 918
1934 914
1935 915
1936 913
1937 915
1938 918
1939 923
1940 926
1941 928
1942 925
1943 926
1944 923
1945 919
1946 917
1947 915
1948 913
1949 911
1950 912
1951 911
1952 910
1953 907
1954 908
1955 906
1956 904
1957 904
1958 904
1959 905
1960 904
1961 908
1962 905
1963 907
1964 904
1965 906
1966 914
1967 929
1968 948
1969 964
1970 978
1971 987
1972 987
1973 972
1974 940
1975 906
1976 886
1977 887
1978 910
1979 952
1980 1002
1981 1054
1982 1102
1983 1147
1984 1188
1985 1224
1986 1252
1987 1272
1988 1281
1989 1279
1990 1269
1991 1255
1992 1231
1993 1200
1994 1163
1995 1122
1996 1084
1997 1046
1998 1006
1999 965
2000 929
2001 897
2002 875
2003 863
2004 856
2005 856
2006 859
2007 865
2008 871
2009 875
2010 881
2011 887
2012 887
2013 889
2014 887
2015 886
2016 881
2017 880
2018 880
2019 878
2020 878
2021 878
2022 882
2023 884
2024 886
2025 884
2026 885
2027 883
2028 883
2029 882
2030 882
2031 882
2032 880
2033 879
2034 881
2035 881
2036 883
2037 881
2038 881
2039 880
2040 877
2041 876
2042 874
2043 876
2044 872
2045 871
2046 876
2047 876
2048 877
2049 876
2050 873
2051 871
2052 870
2053 867
2054 867
2055 866
2056 867
2057 865
2058 867
2059 865
2060 864
2061 866
2062 862
2063 862
2064 860
2065 859
2066 856
2067 852
2068 856
2069 855
2070 855
2071 855
2072 855
2073 853
2074 851
2075 849
2076 847
2077 844
2078 839
2079 838
2080 839
2081 841
2082 841
2083 843
2084 842
2085 841
2086 839
2087 836
2088 833
2089 835
2090 832
2091 834
2092 835
2093 837
2094 837
2095 840
2096 845
2097 844
2098 846
2099 846
2100 847
2101 847
2102 851
2103 856
2104 859
2105 864
2106 866
2107 870
2108 876
2109 878
2110 880
2111 883
2112 884
2113 886
2114 890
2115 892
2116 894
2117 899
2118 903
2119 906
2120 908
2121 911
2122 913
2123 912
2124 911
2125 913
2126 911
2127 911
2128 910
2129 911
2130 906
2131 909
2132 910
2133 910
2134 907
2135 903
2136 900
2137 895
2138 894
2139 893
2140 892
2141 891
2142 892
2143 889
2144 888
2145 884
2146 885
2147 879
2148 880
2149 880
2150 876
2151 875
2152 875
2153 878
2154 878
2155 880
2156 881
2157 878
2158 876
2159 876
2160 872
2161 871
2162 872
2163 873
2164 871
2165 872
2166 876
2167 877
2168 879
2169 879
2170 879
2171 879
2172 878
2173 876
2174 877
2175 877
2176 875
2177 879
2178 880
2179 879
2180 883
2181 884
2182 882
2183 881
2184 881
2185 881
2186 877
2187 878
2188 879
2189 881
2190 884
2191 886
2192 885
2193 883
2194 883
2195 882
2196 883
2197 883
2198 881
2199 883
2200 884
2201 883
2202 886
2203 888
2204 890
2205 888
2206 888
2207 886
2208 887
2209 884
2210 884
2211 884
2212 882
2213 884
2214 887
2215 886
2216 889
2217 889
2218 887
2219 887
2220 887
2221 883
2222 882
2223 882
2224 882
2225 883
2226 884
2227 883
2228 886
2229 889
2230 888
2231 887
2232 885
2233 883
2234 882
2235 883
2236 883
2237 885
2238 884
2239 888
2240 889
2241 886
2242 884
2243 887
2244 884
2245 886
2246 885
2247 882
2248 882
2249 886
2250 885
2251 887
2252 890
2253 889
2254 887
2255 887
2256 887
2257 884
2258 883
2259 881
2260 882
2261 883
2262 885
2263 885
2264 885
2265 886
2266 886
2267 886
2268 885
2269 884
2270 881
2271 881
2272 881
2273 881
2274 881
2275 884
2276 889
2277 887
2278 886
2279 885
2280 881
2281 880
2282 879
2283 880
2284 882
2285 881
2286 882
2287 883
2288 882
2289 883
2290 883
2291 882
2292 883
2293 883
2294 882
2295 883
2296 884
2297 885
2298 887
2299 887
2300 889
2301 889
2302 887
2303 885
2304 884
2305 884
2306 880
2307 883
2308 884
2309 885
2310 888
2311 888
2312 889
2313 889
2314 885
2315 885
2316 883
2317 880
2318 880
2319 881
2320 879
2321 884
2322 883
2323 885
2324 886
2325 883
2326 884
2327 883
2328 885
2329 883
2330 880
2331 881
2332 880
2333 882
2334 884
2335 885
2336 887
2337 886
2338 884
2339 884
2340 882
2341 878
2342 877
2343 878
2344 881
2345 882
2346 882
2347 883
2348 886
2349 886
2350 883
2351 882
2352 881
2353 880
2354 879
2355 879
2356 880
2357 881
2358 882
2359 882
2360 882
2361 884
2362 883
2363 883
2364 884
2365 884
2366 883
2367 883
2368 885
2369 885
2370 885
2371 886
2372 886
2373 887
2374 887
2375 891
2376 890
2377 889
2378 893
2379 892
2380 893
2381 893
2382 894
2383 893
2384 894
2385 891
2386 890
2387 886
2388 887
2389 884
2390 883
2391 882
2392 885
2393 889
2394 892
2395 896
2396 899
2397 899
2398 899
2399 896
2400 892
2401 887
2402 884
2403 880
2404 876
2405 876
2406 876
2407 875
2408 878
2409 878
2410 878
2411 875
2412 874
2413 873
2414 872
2415 871
2416 871
2417 870
2418 869
2419 871
2420 878
2421 889
2422 905
2423 925
2424 937
2425 948
2426 952
2427 946
2428 928
2429 901
2430 879
2431 866
2432 876
2433 904
2434 950
2435 1003
2436 1058
2437 1113
2438 1162
2439 1208
2440 1248
2441 1284
2442 1303
2443 1313
2444 1310
2445 1294
2446 1270
2447 1230
2448 1182
2449 1131
2450 1083
2451 1037
2452 994
2453 946
2454 901
2455 866
2456 840
2457 823
2458 815
2459 813
2460 816
2461 820
2462 823
2463 826
2464 831
2465 836
2466 841
2467 844
2468 844
2469 844
2470 843
2471 841
2472 842
2473 840
2474 839
2475 840
2476 839
2477 838
2478 843
2479 842
2480 845
2481 844
2482 843
2483 842
2484 841
2485 838
2486 840
2487 836
2488 839
2489 838
2490 838
2491 838
2492 842
2493 840
2494 840
2495 839
2496 834
2497 836
2498 835
2499 834
2500 835
2501 835
2502 834
2503 834
2504 838
2505 837
2506 835
2507 833
2508 831
2509 829
2510 828
2511 823
2512 824
2513 824
2514 829
2515 830
2516 829
2517 829
2518 826
2519 824
2520 821
2521 819
2522 818
2523 815
2524 816
2525 816
2526 818
2527 818
2528 818
2529 818
2530 814
2531 813
2532 810
2533 808
2534 806
2535 805
2536 804
2537 806
2538 805
2539 807
2540 809
2541 807
2542 805
2543 804
2544 806
2545 803
2546 804
2547 804
2548 806
2549 806
2550 811
2551 814
2552 816
2553 819
2554 821
2555 823
2556 824
2557 825
2558 826
2559 829
2560 832
2561 835
2562 840
2563 845
2564 849
2565 852
2566 855
2567 857
2568 858
2569 859
2570 862
2571 863
2572 865
2573 869
2574 868
2575 870
2576 874
2577 875
2578 876
2579 875
2580 874
2581 875
2582 875
2583 874
2584 873
2585 874
2586 874
2587 875
2588 873
2589 870
2590 869
2591 867
2592 864
2593 859
2594 857
2595 854
2596 851
2597 850
2598 849
2599 848
2600 848
2601 845
2602 844
2603 842
2604 841
2605 837
2606 837
2607 833
2608 830
2609 833
2610 834
2611 833
2612 836
2613 835
2614 834
2615 831
2616 828
2617 829
2618 828
2619 828
2620 829
2621 829
2622 834
2623 837
2624 837
2625 836
2626 836
2627 838
2628 836
2629 835
2630 833
2631 835
2632 837
2633 837
2634 840
2635 841
2636 844
2637 845
2638 842
2639 839
2640 839
2641 842
2642 841
2643 843
2644 845
2645 844
2646 846
2647 848
2648 849
2649 849
2650 849
2651 847
2652 848
2653 847
2654 845
2655 846
2656 848
2657 848
2658 851
2659 852
2660 853
2661 851
2662 851
2663 849
2664 850
2665 848
2666 847
2667 848
2668 849
2669 850
2670 853
2671 851
2672 852
2673 853
2674 853
2675 854
2676 851
2677 849
2678 849
2679 848
2680 850
2681 849
2682 850
2683 851
2684 856
2685 856
2686 855
2687 853
2688 851
2689 848
2690 849
2691 847
2692 849
2693 852
2694 852
2695 853
2696 856
2697 857
2698 857
2699 855
2700 852
2701 848
2702 848
2703 848
2704 851
2705 853
2706 855
2707 857
2708 858
2709 860
2710 857
2711 854
2712 855
2713 854
2714 851
2715 851
2716 852
2717 852
2718 853
2719 856
2720 856
2721 855
2722 855
2723 853
2724 851
2725 850
2726 850
2727 847
2728 850
2729 851
2730 855
2731 858
2732 859
2733 859
2734 857
2735 857
2736 854
2737 853
2738 854
2739 854
2740 853
2741 854
2742 857
2743 857
2744 856
2745 857
2746 858
2747 859
2748 857
2749 855
2750 854
2751 851
2752 852
2753 854
2754 857
2755 855
2756 859
2757 859
2758 860
2759 859
2760 856
2761 855
2762 852
2763 853
2764 853
2765 853
2766 855
2767 855
2768 858
2769 859
2770 858
2771 857
2772 857
2773 854
2774 853
2775 852
2776 853
2777 855
2778 858
2779 858
2780 860
2781 858
2782 858
2783 859
2784 858
2785 855
2786 854
2787 852
2788 851
2789 855
2790 855
2791 859
2792 863
2793 861
2794 860
2795 859
2796 858
2797 858
2798 856
2799 856
2800 857
2801 858
2802 859
2803 860
2804 864
2805 865
2806 864
2807 863
2808 860
2809 859
2810 857
2811 856
2812 857
2813 859
2814 862
2815 865
2816 871
2817 872
2818 873
2819 871
2820 870
2821 869
2822 865
2823 862
2824 860
2825 862
2826 864
2827 866
2828 868
2829 865
2830 864
2831 868
2832 869
2833 867
2834 869
2835 869
2836 868
2837 866
2838 865
2839 861
2840 858
2841 855
2842 853
2843 850
2844 850
2845 849
2846 848
2847 846
2848 845
2849 847
2850 849
2851 851
2852 852
2853 849
2854 849
2855 847
2856 844
2857 842
2858 846
2859 854
2860 868
2861 888
2862 908
2863 924
2864 935
2865 940
2866 937
2867 923
2868 896
2869 865
2870 833
2871 816
2872 816
2873 842
2874 880
2875 930
2876 981
2877 1024
2878 1062
2879 1102
2880 1137
2881 1170
2882 1195
2883 1217
2884 1227
2885 1226
2886 1218
2887 1206
2888 1186
2889 1155
2890 1118
2891 1081
2892 1041
2893 1004
2894 965
2895 921
2896 878
2897 847
2898 826
2899 810
2900 804
2901 803
2902 805
2903 809
2904 814
2905 818
2906 819
2907 821
2908 822
2909 823
2910 826
2911 829
2912 830
2913 832
2914 829
2915 827
2916 823
2917 823
2918 822
2919 824
2920 824
2921 824
2922 826
2923 827
2924 828
2925 827
2926 828
2927 826
2928 824
2929 823
2930 822
2931 822
2932 820
2933 819
2934 824
2935 820
2936 822
2937 826
2938 824
2939 823
2940 819
2941 820
2942 816
2943 812
2944 817
2945 815
2946 815
2947 815
2948 818
2949 817
2950 818
2951 819
2952 815
2953 814
2954 810
2955 810
2956 809
2957 808
2958 810
2959 808
2960 810
2961 808
2962 808
2963 806
2964 804
2965 802
2966 799
2967 798
2968 797
2969 799
2970 796
2971 794
2972 795
2973 796
2974 795
2975 793
2976 791
2977 790
2978 787
2979 786
2980 786
2981 784
2982 785
2983 786
2984 785
2985 784
2986 784
2987 784
2988 782
2989 779
2990 780
2991 779
2992 779
2993 781
2994 783
2995 786
2996 787
2997 790
2998 789
2999 790
3000 791
3001 791
3002 793
3003 796
3004 799
3005 802
3006 805
3007 808
3008 815
3009 818
3010 820
3011 822
3012 824
3013 827
3014 829
3015 832
3016 836
3017 838
3018 843
3019 843
3020 847
3021 848
3022 852
3023 853
3024 853
3025 852
3026 853
3027 854
3028 854
3029 854
3030 856
3031 856
3032 860
3033 856
3034 855
3035 851
3036 848
3037 846
3038 843
3039 841
3040 839
3041 839
3042 838
3043 837
3044 836
3045 834
3046 830
3047 829
3048 826
3049 824
3050 819
3051 820
3052 820
3053 819
3054 820
3055 821
3056 823
3057 821
3058 819
3059 819
3060 817
3061 816
3062 815
3063 815
3064 814
3065 815
3066 819
3067 819
3068 821
3069 820
3070 820
3071 820
3072 822
3073 819
3074 819
3075 819
3076 820
3077 822
3078 823
3079 826
3080 828
3081 828
3082 827
3083 825
3084 823
3085 825
3086 822
3087 826
3088 826
3089 824
3090 827
3091 826
3092 829
3093 830
3094 829
3095 828
3096 828
3097 827
3098 827
3099 826
3100 825
3101 828
3102 829
3103 831
3104 832
3105 832
3106 831
3107 830
3108 828
3109 827
3110 825
3111 825
3112 824
3113 828
3114 830
3115 831
3116 833
3117 834
3118 830
3119 829
3120 830
3121 824
3122 827
3123 827
3124 826
3125 827
3126 830
3127 831
3128 834
3129 832
3130 833
3131 831
3132 830
3133 827
3134 827
3135 828
3136 825
3137 830
3138 832
3139 832
3140 832
3141 831
3142 828
3143 829
3144 829
3145 828
3146 828
3147 828
3148 829
3149 827
3150 828
3151 830
3152 831
3153 833
3154 832
3155 830
3156 829
3157 828
3158 828
3159 828
3160 828
3161 828
3162 830
3163 831
3164 832
3165 832
3166 832
3167 830
3168 829
3169 829
3170 827
3171 825
3172 828
3173 829
3174 827
3175 829
3176 831
3177 832
3178 831
3179 828
3180 829
3181 826
3182 824
3183 824
3184 830
3185 829
3186 829
3187 833
3188 832
3189 833
3190 830
3191 829
3192 827
3193 825
3194 825
3195 825
3196 823
3197 827
3198 828
3199 829
3200 833
3201 834
3202 830
3203 830
3204 830
3205 828
3206 827
3207 828
3208 826
3209 830
3210 831
3211 832
3212 834
3213 833
3214 833
3215 832
3216 830
3217 829
3218 827
3219 827
3220 830
3221 830
3222 830
3223 833
3224 835
3225 836
3226 835
3227 834
3228 834
3229 831
3230 832
3231 831
3232 834
3233 832
3234 832
3235 834
3236 837
3237 839
3238 840
3239 839
3240 840
3241 841
3242 841
3243 842
3244 842
3245 843
3246 843
3247 843
3248 844
3249 844
3250 842
3251 838
3252 836
3253 836
3254 833
3255 832
3256 835
3257 837
3258 841
3259 844
3260 850
3261 851
3262 850
3263 846
3264 846
3265 842
3266 836
3267 831
3268 828
3269 827
3270 826
3271 824
3272 827
3273 827
3274 825
3275 828
3276 825
3277 826
3278 825
3279 822
3280 821
3281 819
3282 819
3283 823
3284 834
3285 848
3286 870
3287 886
3288 897
3289 906
3290 903
3291 893
3292 866
3293 838
3294 821
3295 822
3296 848
3297 891
3298 946
3299 1003
3300 1057
3301 1111
3302 1156
3303 1195
3304 1231
3305 1257
3306 1274
3307 1276
3308 1266
3309 1247
3310 1215
3311 1174
3312 1126
3313 1076
3314 1027
3315 980
3316 936
3317 892
3318 854
3319 823
3320 799
3321 783
3322 775
3323 774
3324 773
3325 774
3326 779
3327 783
3328 787
3329 791
3330 795
3331 799
3332 802
3333 804
3334 803
3335 801
3336 798
3337 794
3338 794
3339 793
3340 795
3341 796
3342 797
3343 796
3344 798
3345 800
3346 801
3347 799
3348 796
3349 797
3350 792
3351 791
3352 790
3353 794
3354 794
3355 796
3356 798
3357 797
3358 796
3359 796
3360 793
3361 791
3362 790
3363 789
3364 789
3365 789
3366 790
3367 794
3368 795
3369 794
3370 792
3371 791
3372 788
3373 788
3374 787
3375 784
3376 783
3377 783
3378 785
3379 783
3380 786
3381 786
3382 784
3383 783
3384 781
3385 777
3386 774
3387 775
3388 771
3389 775
3390 773
3391 773
3392 774
3393 774
3394 775
3395 771
3396 769
3397 769
3398 764
3399 764
3400 764
3401 763
3402 763
3403 765
3404 765
3405 763
3406 765
3407 764
3408 762
3409 762
3410 761
3411 761
3412 762
3413 764
3414 765
3415 768
3416 770
3417 774
3418 779
3419 778
3420 783
3421 782
3422 786
3423 790
3424 790
3425 794
3426 800
3427 801
3428 808
3429 810
3430 813
3431 814
3432 817
3433 820
3434 821
3435 823
3436 822
3437 827
3438 829
3439 832
3440 837
3441 838
3442 836
3443 837
3444 837
3445 836
3446 834
3447 834
3448 831
3449 832
3450 830
3451 830
3452 831
3453 829
3454 826
3455 826
3456 821
3457 819
3458 815
3459 812
3460 812
3461 811
3462 809
3463 810
3464 809
3465 809
3466 805
3467 806
3468 805
3469 800
3470 799
3471 799
3472 799
3473 798
3474 799
3475 798
3476 800
3477 801
3478 800
3479 801
3480 799
3481 799
3482 797
3483 796
3484 797
3485 798
3486 800
3487 801
3488 803
3489 803
3490 802
3491 804
3492 804
3493 805
3494 805
3495 806
3496 807
3497 809
3498 811
3499 813
3500 813
3501 812
3502 810
3503 815
3504 812
3505 811
3506 812
3507 812
3508 811
3509 814
3510 816
3511 817
3512 818
3513 819
3514 819
3515 819
3516 818
3517 818
3518 814
3519 814
3520 814
3521 815
3522 818
3523 818
3524 820
3525 820
3526 820
3527 818
3528 816
3529 818
3530 816
3531 815
3532 816
3533 816
3534 818
3535 819
3536 822
3537 824
3538 824
3539 823
3540 821
3541 819
3542 818
3543 817
3544 818
3545 819
3546 821
3547 822
3548 824
3549 826
3550 825
3551 825
3552 823
3553 822
3554 822
3555 821
3556 819
3557 821
3558 823
3559 822
3560 824
3561 823
3562 824
3563 821
3564 817
3565 819
3566 817
3567 818
3568 822
3569 822
3570 820
3571 821
3572 825
3573 828
3574 828
3575 828
3576 825
3577 824
3578 824
3579 823
3580 823
3581 824
3582 827
3583 828
3584 829
3585 829
3586 830
3587 828
3588 826
3589 824
3590 825
3591 824
3592 824
3593 826
3594 827
3595 830
3596 833
3597 830
3598 830
3599 830
3600 827
3601 827
3602 828
3603 826
3604 827
3605 827
3606 829
3607 831
3608 831
3609 833
3610 831
3611 831
3612 830
3613 828
3614 829
3615 827
3616 827
3617 829
3618 830
3619 831
3620 834
3621 834
3622 834
3623 832
3624 830
3625 830
3626 828
3627 831
3628 829
3629 831
3630 832
3631 834
3632 834
3633 834
3634 833
3635 834
3636 832
3637 830
3638 831
3639 832
3640 832
3641 833
3642 833
3643 833
3644 834
3645 836
3646 837
3647 835
3648 835
3649 834
3650 832
3651 834
3652 832
3653 833
3654 832
3655 835
3656 838
3657 837
3658 839
3659 838
3660 838
3661 839
3662 838
3663 838
3664 839
3665 839
3666 840
3667 839
3668 841
3669 840
3670 841
3671 846
3672 844
3673 847
3674 845
3675 847
3676 849
3677 849
3678 852
3679 853
3680 851
3681 852
3682 847
3683 847
3684 846
3685 845
3686 844
3687 843
3688 844
3689 845
3690 847
3691 852
3692 854
3693 857
3694 858
3695 857
3696 851
3697 850
3698 847
3699 844
3700 842
3701 838
3702 836
3703 836
3704 837
3705 838
3706 832
3707 832
3708 831
3709 832
3710 830
3711 833
3712 831
3713 834
3714 837
3715 837
3716 835
3717 835
3718 832
3719 834
3720 840
3721 852
3722 868
3723 887
3724 904
3725 917
3726 924
3727 917
3728 896
3729 862
3730 830
3731 810
3732 817
3733 841
3734 883
3735 938
3736 993
3737 1042
3738 1090
3739 1130
3740 1166
3741 1194
3742 1211
3743 1221
3744 1220
3745 1213
3746 1196
3747 1174
3748 1145
3749 1105
3750 1065
3751 1027
3752 986
3753 944
3754 894
3755 859
3756 827
3757 804
3758 791
3759 786
3760 789
3761 797
3762 805
3763 811
3764 816
3765 820
3766 820
3767 821
3768 821
3769 816
3770 816
3771 814
3772 812
3773 814
3774 819
3775 820
3776 822
3777 823
3778 822
3779 821
3780 818
3781 816
3782 817
3783 816
3784 817
3785 818
3786 818
3787 818
3788 820
3789 823
3790 819
3791 820
3792 818
3793 816
3794 814
3795 813
3796 813
3797 813
3798 815
3799 813
3800 814
3801 815
3802 815
3803 813
3804 812
3805 810
3806 808
3807 809
3808 807
3809 807
3810 808
3811 809
3812 809
3813 810
3814 807
3815 805
3816 799
3817 795
3818 797
3819 797
3820 797
3821 795
3822 795
3823 796
3824 794
3825 796
3826 792
3827 793
3828 791
3829 790
3830 786
3831 785
3832 785
3833 785
3834 784
3835 786
3836 786
3837 784
3838 782
3839 779
3840 781
3841 780
3842 776
3843 777
3844 778
3845 779
3846 780
3847 783
3848 784
3849 787
3850 788
3851 787
3852 788
3853 789
3854 788
3855 789
3856 791
3857 797
3858 798
3859 804
3860 808
3861 814
3862 817
3863 817
3864 820
3865 821
3866 823
3867 828
3868 832
3869 835
3870 837
3871 841
3872 847
3873 849
3874 848
3875 852
3876 851
3877 852
3878 850
3879 849
3880 850
3881 852
3882 852
3883 853
3884 854
3885 855
3886 852
3887 849
3888 847
3889 845
3890 843
3891 840
3892 837
3893 835
3894 835
3895 834
3896 835
3897 835
3898 831
3899 827
3900 825
3901 825
3902 822
3903 820
3904 818
3905 820
3906 822
3907 822
3908 822
3909 823
3910 825
3911 822
3912 821
3913 821
3914 817
3915 819
3916 818
3917 817
3918 818
3919 821
3920 824
3921 825
3922 824
3923 826
3924 823
3925 824
3926 825
3927 825
3928 822
3929 824
3930 829
3931 829
3932 831
3933 832
3934 832
3935 832
3936 830
3937 829
3938 825
3939 829
3940 828
3941 830
3942 831
3943 832
3944 835
3945 835
3946 835
3947 836
3948 833
3949 835
3950 833
3951 831
3952 834
3953 834
3954 836
3955 837
3956 840
3957 841
3958 841
3959 839
3960 838
3961 839
3962 838
3963 837
3964 836
3965 836
3966 837
3967 839
3968 839
3969 840
3970 840
3971 840
3972 839
3973 838
3974 839
3975 837
3976 838
3977 835
3978 836
3979 840
3980 841
3981 839
3982 838
3983 840
3984 838
3985 836
3986 834
3987 836
3988 835
3989 835
3990 838
3991 839
3992 838
3993 844
3994 842
3995 842
3996 841
3997 840
3998 838
3999 839
4000 839
4001 839
4002 839
4003 841
4004 843
4005 845
4006 842
4007 841
4008 841
4009 842
4010 838
4011 837
4012 838
4013 839
4014 838
4015 840
4016 841
4017 843
4018 843
4019 845
4020 844
4021 842
4022 842
4023 842
4024 839
4025 841
4026 843
4027 846
4028 846
4029 848
4030 846
4031 846
4032 844
4033 843
4034 841
4035 842
4036 840
4037 846
4038 845
4039 844
4040 845
4041 848
4042 848
4043 846
4044 844
4045 841
4046 842
4047 842
4048 842
4049 842
4050 844
4051 845
4052 845
4053 845
4054 848
4055 847
4056 847
4057 846
4058 845
4059 845
4060 844
4061 843
4062 845
4063 847
4064 848
4065 850
4066 849
4067 848
4068 849
4069 846
4070 847
4071 846
4072 843
4073 844
4074 846
4075 846
4076 848
4077 851
4078 851
4079 852
4080 853
4081 852
4082 849
4083 847
4084 848
4085 850
4086 852
4087 853
4088 856
4089 858
4090 861
4091 863
4092 862
4093 861
4094 858
4095 857
4096 856
4097 854
4098 854
4099 853
4100 854
4101 855
4102 858
4103 856
4104 856
4105 859
4106 859
4107 863
4108 863
4109 864
4110 864
4111 862
4112 863
4113 862
4114 858
4115 854
4116 850
4117 844
4118 846
4119 841
4120 840
4121 842
4122 845
4123 846
4124 846
4125 847
4126 848
4127 848
4128 844
4129 842
4130 838
4131 839
4132 842
4133 851
4134 866
4135 883
4136 902
4137 918
4138 929
4139 929
4140 918
4141 898
4142 871
4143 847
4144 839
4145 857
4146 896
4147 953
4148 1016
4149 1078
4150 1140
4151 1195
4152 1244
4153 1278
4154 1300
4155 1303
4156 1295
4157 1276
4158 1247
4159 1209
4160 1164
4161 1116
4162 1066
4163 1018
4164 974
4165 925
4166 881
4167 845
4168 816
4169 798
4170 791
4171 795
4172 797
4173 801
4174 808
4175 809
4176 816
4177 816
4178 820
4179 817
4180 819
4181 821
4182 822
4183 821
4184 823
4185 822
4186 824
4187 824
4188 820
4189 821
4190 819
4191 818
4192 818
4193 817
4194 818
4195 822
4196 823
4197 824
4198 823
4199 821
4200 821
4201 820
4202 818
4203 816
4204 818
4205 818
4206 820
4207 820
4208 820
4209 821
4210 821
4211 818
4212 818
4213 816
4214 815
4215 815
4216 815
4217 813
4218 814
4219 814
4220 814
4221 818
4222 814
4223 815
4224 812
4225 810
4226 810
4227 807
4228 806
4229 805
4230 805
4231 805
4232 806
4233 806
4234 804
4235 803
4236 799
4237 798
4238 795
4239 795
4240 796
4241 796
4242 797
4243 798
4244 800
4245 798
4246 799
4247 797
4248 792
4249 791
4250 790
4251 788
4252 789
4253 790
4254 793
4255 792
4256 795
4257 792
4258 794
4259 793
4260 790
4261 789
4262 789
4263 787
4264 789
4265 793
4266 794
4267 798
4268 801
4269 805
4270 804
4271 806
4272 808
4273 810
4274 811
4275 813
4276 816
4277 818
4278 822
4279 827
4280 833
4281 836
4282 836
4283 841
4284 843
4285 843
4286 845
4287 847
4288 847
4289 852
4290 854
4291 857
4292 860
4293 864
4294 867
4295 867
4296 865
4297 865
4298 864
4299 861
4300 863
4301 861
4302 861
4303 861
4304 860
4305 861
4306 857
4307 855
4308 852
4309 851
4310 842
4311 838
4312 837
4313 837
4314 838
4315 836
4316 838
4317 836
4318 835
4319 833
4320 831
4321 828
4322 825
4323 822
4324 822
4325 823
4326 823
4327 824
4328 825
4329 826
4330 826
4331 825
4332 823
4333 822
4334 822
4335 821
4336 821
4337 820
4338 822
4339 823
4340 823
4341 828
4342 830
4343 830
4344 829
4345 829
4346 828
4347 829
4348 829
4349 828
4350 832
4351 834
4352 836
4353 837
4354 837
4355 839
4356 838
4357 839
4358 839
4359 837
4360 838
4361 836
4362 841
4363 839
4364 838
4365 842
4366 842
4367 844
4368 845
4369 843
4370 841
4371 840
4372 839
4373 844
4374 845
4375 846
4376 846
4377 848
4378 844
4379 846
4380 844
4381 843
4382 847
4383 845
4384 845
4385 846
4386 847
4387 847
4388 848
4389 848
4390 852
4391 851
4392 849
4393 848
4394 846
4395 847
4396 847
4397 850
4398 850
4399 851
4400 852
4401 852
4402 853
4403 850
4404 848
4405 848
4406 848
4407 847
4408 845
4409 848
4410 848
4411 852
4412 853
4413 854
4414 852
4415 854
4416 852
4417 850
4418 851
4419 850
4420 850
4421 850
4422 853
4423 853
4424 854
4425 856
4426 854
4427 853
4428 853
4429 853
4430 849
4431 852
4432 851
4433 854
4434 855
4435 855
4436 855
4437 859
4438 856
4439 857
4440 856
4441 857
4442 856
4443 855
4444 854
4445 854
4446 856
4447 857
4448 858
4449 859
4450 858
4451 857
4452 857
4453 851
4454 854
4455 853
4456 853
4457 853
4458 856
4459 857
4460 858
4461 861
4462 859
4463 859
4464 859
4465 860
4466 857
4467 856
4468 858
4469 857
4470 860
4471 860
4472 862
4473 864
4474 864
4475 863
4476 862
4477 860
4478 859
4479 858
4480 859
4481 859
4482 859
4483 859
4484 862
4485 863
4486 863
4487 863
4488 860
4489 860
4490 860
4491 862
4492 861
4493 862
4494 860
4495 863
4496 864
4497 864
4498 864
4499 865
4500 863
4501 863
4502 862
4503 861
4504 863
4505 862
4506 862
4507 865
4508 867
4509 867
4510 868
4511 868
4512 867
4513 867
4514 866
4515 868
4516 865
4517 866
4518 867
4519 868
4520 870
4521 875
4522 876
4523 876
4524 875
4525 875
4526 877
4527 876
4528 877
4529 875
4530 875
4531 875
4532 877
4533 877
4534 875
4535 875
4536 874
4537 875
4538 873
4539 871
4540 878
4541 880
4542 882
4543 883
4544 881
4545 881
4546 879
4547 876
4548 873
4549 869
4550 867
4551 864
4552 862
4553 861
4554 861
4555 861
4556 863
4557 865
4558 865
4559 865
4560 864
4561 862
4562 860
4563 858
4564 861
4565 860
4566 860
4567 857
4568 861
4569 867
4570 880
4571 894
4572 912
4573 927
4574 938
4575 944
4576 942
4577 930
4578 907
4579 878
4580 850
4581 836
4582 848
4583 876
4584 917
4585 965
4586 1016
4587 1064
4588 1110
4589 1153
4590 1191
4591 1222
4592 1244
4593 1254
4594 1252
4595 1241
4596 1221
4597 1193
4598 1155
4599 1116
4600 1076
4601 1037
4602 996
4603 951
4604 911
4605 877
4606 846
4607 829
4608 820
4609 817
4610 819
4611 827
4612 832
4613 838
4614 843
4615 844
4616 849
4617 853
4618 850
4619 851
4620 849
4621 849
4622 846
4623 846
4624 846
4625 845
4626 845
4627 848
4628 849
4629 852
4630 851
4631 847
4632 849
4633 845
4634 843
4635 842
4636 841
4637 841
4638 845
4639 846
4640 848
4641 849
4642 850
4643 850
4644 849
4645 845
4646 845
4647 843
4648 842
4649 842
4650 844
4651 841
4652 843
4653 844
4654 841
4655 842
4656 841
4657 839
4658 836
4659 832
4660 833
4661 835
4662 836
4663 836
4664 838
4665 837
4666 835
4667 834
4668 831
4669 830
4670 828
4671 826
4672 827
4673 826
4674 825
4675 825
4676 826
4677 826
4678 825
4679 823
4680 822
4681 820
4682 817
4683 813
4684 814
4685 811
4686 812
4687 815
4688 813
4689 814
4690 811
4691 811
4692 809
4693 806
4694 809
4695 807
4696 808
4697 807
4698 809
4699 808
4700 811
4701 815
4702 816
4703 815
4704 816
4705 817
4706 816
4707 817
4708 819
4709 824
4710 823
4711 829
4712 834
4713 837
4714 841
4715 840
4716 847
4717 849
4718 848
4719 851
4720 856
4721 858
4722 864
4723 868
4724 873
4725 876
4726 880
4727 882
4728 882
4729 882
4730 881
4731 882
4732 883
4733 885
4734 884
4735 883
4736 885
4737 886
4738 883
4739 882
4740 878
4741 874
4742 871
4743 867
4744 866
4745 865
4746 861
4747 862
4748 860
4749 862
4750 857
4751 856
4752 852
4753 851
4754 848
4755 846
4756 844
4757 844
4758 845
4759 847
4760 848
4761 848
4762 847
4763 849
4764 847
4765 846
4766 845
4767 846
4768 845
4769 844
4770 846
4771 852
4772 854
4773 857
4774 856
4775 855
4776 853
4777 852
4778 849
4779 851
4780 852
4781 853
4782 855
4783 857
4784 858
4785 862
4786 862
4787 861
4788 861
4789 860
4790 858
4791 857
4792 857
4793 858
4794 857
4795 860
4796 861
4797 865
4798 865
4799 864
4800 864
4801 863
4802 860
4803 860
4804 860
4805 860
4806 858
4807 861
4808 862
4809 864
4810 866
4811 864
4812 864
4813 862
4814 862
4815 860
4816 861
4817 860
4818 863
4819 864
4820 865
4821 864
4822 867
4823 865
4824 865
4825 865
4826 863
4827 863
4828 861
4829 862
4830 863
4831 864
4832 866
4833 866
4834 865
4835 865
4836 864
4837 864
4838 863
4839 862
4840 861
4841 862
4842 865
4843 866
4844 868
4845 870
4846 869
4847 866
4848 865
4849 863
4850 863
4851 864
4852 863
4853 862
4854 864
4855 865
4856 868
4857 868
4858 869
4859 869
4860 865
4861 863
4862 862
4863 864
4864 862
4865 864
4866 866
4867 867
4868 867
4869 866
4870 869
4871 868
4872 868
4873 864
4874 864
4875 864
4876 861
4877 862
4878 863
4879 864
4880 865
4881 869
4882 869
4883 867
4884 866
4885 865
4886 862
4887 862
4888 863
4889 865
4890 863
4891 866
4892 867
4893 868
4894 868
4895 868
4896 864
4897 864
4898 863
4899 866
4900 863
4901 865
4902 865
4903 866
4904 867
4905 871
4906 869
4907 869
4908 867
4909 867
4910 865
4911 866
4912 863
4913 864
4914 866
4915 866
4916 868
4917 869
4918 868
4919 870
4920 870
4921 867
4922 866
4923 865
4924 864
4925 864
4926 867
4927 867
4928 870
4929 873
4930 872
4931 872
4932 873
4933 867
4934 866
4935 868
4936 869
4937 869
4938 870
4939 868
4940 872
4941 875
4942 876
4943 874
4944 874
4945 874
4946 876
4947 878
4948 875
4949 877
4950 882
4951 883
4952 884
4953 884
4954 884
4955 882
4956 878
4957 875
4958 873
4959 874
4960 874
4961 872
4962 873
4963 878
4964 883
4965 887
4966 887
4967 889
4968 885
4969 882
4970 877
4971 876
4972 872
4973 872
4974 868
4975 867
4976 868
4977 867
4978 868
4979 867
4980 866
4981 866
4982 863
4983 865
4984 864
4985 865
4986 865
4987 866
4988 867
4989 866
4990 866
4991 866
4992 872
4993 882
4994 894
4995 909
4996 926
4997 936
4998 944
4999 940
5000 926
5001 904
5002 880
5003 867
5004 869
5005 897
5006 938
5007 987
5008 1041
5009 1095
5010 1144
5011 1191
5012 1232
5013 1267
5014 1292
5015 1305
5016 1308
5017 1298
5018 1281
5019 1257
5020 1225
5021 1187
5022 1146
5023 1103
5024 1060
5025 1020
5026 974
5027 928
5028 884
5029 847
5030 821
5031 809
5032 805
5033 810
5034 816
5035 823
5036 827
5037 836
5038 839
5039 840
5040 841
5041 838
5042 834
5043 835
5044 833
5045 835
5046 834
5047 837
5048 836
5049 837
5050 837
5051 837
5052 837
5053 835
5054 833
5055 832
5056 833
5057 830
5058 830
5059 831
5060 832
5061 833
5062 835
5063 831
5064 830
5065 828
5066 827
5067 827
5068 826
5069 825
5070 827
5071 826
5072 828
5073 828
5074 827
5075 827
5076 828
5077 824
5078 822
5079 820
5080 820
5081 819
5082 819
5083 823
5084 820
5085 821
5086 822
5087 821
5088 819
5089 818
5090 815
5091 813
5092 813
5093 812
5094 811
5095 811
5096 809
5097 810
5098 810
5099 809
5100 807
5101 805
5102 801
5103 801
5104 799
5105 799
5106 799
5107 799
5108 799
5109 799
5110 803
5111 803
5112 801
5113 800
5114 800
5115 798
5116 798
5117 802
5118 803
5119 805
5120 808
5121 813
5122 814
5123 813
5124 817
5125 817
5126 820
5127 823
5128 824
5129 828
5130 833
5131 836
5132 842
5133 846
5134 847
5135 850
5136 849
5137 852
5138 856
5139 857
5140 861
5141 863
5142 864
5143 870
5144 871
5145 875
5146 876
5147 877
5148 877
5149 874
5150 873
5151 870
5152 871
5153 869
5154 870
5155 871
5156 870
5157 871
5158 866
5159 866
5160 863
5161 860
5162 857
5163 853
5164 851
5165 849
5166 848
5167 846
5168 846
5169 843
5170 844
5171 839
5172 839
5173 839
5174 835
5175 837
5176 834
5177 832
5178 831
5179 834
5180 834
5181 835
5182 836
5183 835
5184 836
5185 834
5186 835
5187 837
5188 837
5189 836
5190 838
5191 837
5192 836
5193 840
5194 844
5195 844
5196 844
5197 844
5198 843
5199 843
5200 844
5201 845
5202 846
5203 847
5204 847
5205 850
5206 851
5207 847
5208 851
5209 848
5210 847
5211 851
5212 850
5213 849
5214 848
5215 850
5216 851
5217 854
5218 853
5219 855
5220 852
5221 854
5222 853
5223 854
5224 852
5225 853
5226 854
5227 855
5228 856
5229 857
5230 858
5231 858
5232 856
5233 856
5234 855
5235 854
5236 854
5237 856
5238 855
5239 858
5240 860
5241 859
5242 861
5243 859
5244 858
5245 857
5246 856
5247 856
5248 856
5249 857
5250 857
5251 859
5252 859
5253 859
5254 859
5255 860
5256 862
5257 858
5258 859
5259 858
5260 859
5261 860
5262 860
5263 860
5264 862
5265 865
5266 862
5267 861
5268 861
5269 859
5270 864
5271 861
5272 858
5273 859
5274 860
5275 861
5276 861
5277 866
5278 864
5279 864
5280 863
5281 862
5282 862
5283 859
5284 859
5285 859
5286 860
5287 860
5288 862
5289 865
5290 863
5291 862
5292 862
5293 861
5294 862
5295 861
5296 859
5297 862
5298 864
5299 864
5300 866
5301 863
5302 864
5303 864
5304 866
5305 864
5306 863
5307 862
5308 862
5309 863
5310 863
5311 865
5312 864
5313 868
5314 866
5315 865
5316 864
5317 864
5318 862
5319 864
5320 862
5321 863
5322 864
5323 863
5324 868
5325 867
5326 866
5327 866
5328 867
5329 864
5330 866
5331 864
5332 863
5333 862
5334 862
5335 864
5336 866
5337 867
5338 868
5339 866
5340 865
5341 864
5342 865
5343 864
5344 862
5345 864
5346 864
5347 864
5348 865
5349 869
5350 867
5351 863
5352 867
5353 866
5354 866
5355 864
5356 862
5357 863
5358 864
5359 866
5360 866
5361 870
5362 870
5363 866
5364 867
5365 865
5366 865
5367 865
5368 866
5369 864
5370 867
5371 869
5372 872
5373 872
5374 871
5375 871
5376 872
5377 871
5378 871
5379 871
5380 872
5381 870
5382 871
5383 872
5384 873
5385 876
5386 877
5387 878
5388 881
5389 881
5390 880
5391 881
5392 880
5393 879
5394 876
5395 878
5396 876
5397 878
5398 878
5399 876
5400 878
5401 876
5402 875
5403 878
5404 881
5405 883
5406 887
5407 887
5408 885
5409 884
5410 883
5411 880
5412 876
5413 872
5414 868
5415 868
5416 863
5417 863
5418 866
5419 866
5420 867
5421 868
5422 868
5423 868
5424 867
5425 867
5426 863
5427 862
5428 863
5429 860
5430 859
5431 863
5432 869
5433 883
5434 901
5435 920
5436 933
5437 943
5438 949
5439 947
5440 932
5441 907
5442 878
5443 851
5444 841
5445 853
5446 882
5447 926
5448 977
5449 1024
5450 1068
5451 1108
5452 1146
5453 1183
5454 1215
5455 1239
5456 1255
5457 1261
5458 1258
5459 1248
5460 1226
5461 1194
5462 1154
5463 1111
5464 1063
5465 1011
5466 961
5467 907
5468 867
5469 839
5470 821
5471 816
5472 817
5473 822
5474 826
5475 832
5476 837
5477 840
5478 842
5479 844
5480 844
5481 847
5482 845
5483 844
5484 842
5485 839
5486 837
5487 837
5488 837
5489 838
5490 841
5491 841
5492 841
5493 844
5494 840
5495 842
5496 841
5497 840
5498 837
5499 839
5500 839
5501 837
5502 835
5503 838
5504 838
5505 842
5506 841
5507 841
5508 839
5509 838
5510 834
5511 832
5512 834
5513 834
5514 836
5515 835
5516 837
5517 838
5518 837
5519 836
5520 834
5521 830
5522 829
5523 830
5524 830
5525 829
5526 831
5527 829
5528 832
5529 832
5530 832
5531 827
5532 827
5533 827
5534 827
5535 825
5536 820
5537 823
5538 819
5539 820
5540 819
5541 821
5542 823
5543 818
5544 817
5545 815
5546 816
5547 813
5548 810
5549 811
5550 812
5551 813
5552 812
5553 811
5554 816
5555 814
5556 813
5557 809
5558 808
5559 808
5560 806
5561 808
5562 812
5563 814
5564 817
5565 819
5566 820
5567 821
5568 819
5569 821
5570 819
5571 821
5572 825
5573 827
5574 831
5575 835
5576 839
5577 842
5578 845
5579 850
5580 849
5581 849
5582 851
5583 855
5584 856
5585 860
5586 864
5587 867
5588 871
5589 872
5590 872
5591 874
5592 876
5593 879
5594 879
5595 877
5596 878
5597 880
5598 880
5599 882
5600 883
5601 886
5602 884
5603 882
5604 882
5605 881
5606 879
5607 872
5608 870
5609 867
5610 867
5611 865
5612 864
5613 863
5614 861
5615 859
5616 854
5617 849
5618 845
5619 843
5620 844
5621 842
5622 842
5623 844
5624 844
5625 845
5626 842
5627 841
5628 842
5629 840
5630 840
5631 839
5632 837
5633 837
5634 838
5635 839
5636 840
5637 841
5638 843
5639 843
5640 840
5641 842
5642 842
5643 842
5644 843
5645 843
5646 844
5647 845
5648 846
5649 849
5650 849
5651 849
5652 849
5653 849
5654 847
5655 848
5656 846
5657 848
5658 850
5659 850
5660 851
5661 853
5662 854
5663 852
5664 854
5665 852
5666 851
5667 850
5668 852
5669 850
5670 852
5671 856
5672 853
5673 855
5674 856
5675 855
5676 853
5677 851
5678 852
5679 853
5680 853
5681 854
5682 855
5683 856
5684 857
5685 859
5686 859
5687 858
5688 857
5689 855
5690 855
5691 854
5692 853
5693 854
5694 856
5695 858
5696 858
5697 859
5698 860
5699 860
5700 860
5701 857
5702 858
5703 858
5704 857
5705 858
5706 858
5707 858
5708 860
5709 864
5710 862
5711 862
5712 862
5713 858
5714 859
5715 856
5716 858
5717 857
5718 857
5719 861
5720 858
5721 862
5722 861
5723 860
5724 860
5725 859
5726 857
5727 858
5728 858
5729 857
5730 858
5731 859
5732 862
5733 863
5734 863
5735 862
5736 863
5737 861
5738 860
5739 857
5740 861
5741 860
5742 862
5743 863
5744 863
5745 865
5746 867
5747 865
5748 864
5749 862
5750 862
5751 860
5752 861
5753 862
5754 861
5755 862
5756 861
5757 863
5758 864
5759 866
5760 866
5761 863
5762 861
5763 862
5764 861
5765 861
5766 861
5767 860
5768 862
5769 865
5770 865
5771 865
5772 863
5773 863
5774 863
5775 860
5776 860
5777 857
5778 859
5779 862
5780 861
5781 863
5782 863
5783 863
5784 863
5785 861
5786 861
5787 860
5788 857
5789 858
5790 858
5791 862
5792 864
5793 864
5794 863
5795 863
5796 861
5797 861
5798 860
5799 861
5800 860
5801 860
5802 861
5803 864
5804 863
5805 863
5806 863
5807 865
5808 866
5809 868
5810 867
5811 870
5812 871
5813 871
5814 873
5815 875
5816 877
5817 877
5818 874
5819 872
5820 870
5821 868
5822 865
5823 865
5824 865
5825 866
5826 865
5827 867
5828 869
5829 875
5830 877
5831 880
5832 881
5833 877
5834 874
5835 869
5836 865
5837 859
5838 858
5839 858
5840 856
5841 856
5842 858
5843 859
5844 856
5845 856
5846 856
5847 856
5848 853
5849 853
5850 855
5851 851
5852 854
5853 858
5854 867
5855 879
5856 894
5857 910
5858 925
5859 934
5860 935
5861 926
5862 906
5863 880
5864 859
5865 854
5866 867
5867 897
5868 943
5869 994
5870 1044
5871 1095
5872 1141
5873 1184
5874 1224
5875 1257
5876 1283
5877 1299
5878 1303
5879 1295
5880 1276
5881 1249
5882 1212
5883 1166
5884 1119
5885 1074
5886 1031
5887 989
5888 949
5889 910
5890 875
5891 846
5892 823
5893 811
5894 804
5895 801
5896 804
5897 808
5898 813
5899 818
5900 822
5901 825
5902 825
5903 830
5904 829
5905 827
5906 826
5907 824
5908 823
5909 823
5910 823
5911 821
5912 824
5913 825
5914 827
5915 825
5916 823
5917 822
5918 820
5919 819
5920 817
5921 819
5922 822
5923 821
5924 820
5925 824
5926 822
5927 822
5928 821
5929 821
5930 818
5931 817
5932 818
5933 816
5934 817
5935 818
5936 816
5937 817
5938 818
5939 816
5940 816
5941 814
5942 813
5943 810
5944 810
5945 809
5946 810
5947 810
5948 810
5949 810
5950 808
5951 807
5952 808
5953 805
5954 803
5955 802
5956 802
5957 803
5958 801
5959 801
5960 801
5961 799
5962 797
5963 799
5964 797
5965 794
5966 792
5967 791
5968 792
5969 791
5970 789
5971 792
5972 791
5973 789
5974 790
5975 790
5976 789
5977 787
5978 785
5979 786
5980 787
5981 787
5982 789
5983 793
5984 794
5985 797
5986 800
5987 802
5988 806
5989 807
5990 806
5991 808
5992 814
5993 816
5994 816
5995 822
5996 829
5997 834
5998 837
5999 838
6000 844
6001 843
6002 846
6003 849
6004 853
6005 855
6006 856
6007 858
6008 862
6009 865
6010 864
6011 868
6012 867
6013 869
6014 869
6015 865
6016 865
6017 865
6018 863
6019 863
6020 863
6021 862
6022 860
6023 859
6024 855
6025 854
6026 850
6027 849
6028 846
6029 846
6030 844
6031 843
6032 841
6033 840
6034 837
6035 838
6036 836
6037 833
6038 833
6039 829
6040 829
6041 830
6042 829
6043 830
6044 829
6045 830
6046 833
6047 833
6048 833
6049 832
6050 832
6051 833
6052 831
6053 834
6054 834
6055 837
6056 839
6057 838
6058 842
6059 841
6060 843
6061 841
6062 841
6063 840
6064 839
6065 841
6066 841
6067 842
6068 843
6069 846
6070 847
6071 846
6072 845
6073 843
6074 841
6075 843
6076 842
6077 843
6078 843
6079 844
6080 848
6081 849
6082 849
6083 851
6084 849
6085 845
6086 843
6087 846
6088 846
6089 847
6090 846
6091 847
6092 846
6093 851
6094 849
6095 850
6096 849
6097 847
6098 849
6099 847
6100 849
6101 847
6102 850
6103 848
6104 849
6105 849
6106 853
6107 849
6108 849
6109 848
6110 848
6111 848
6112 849
6113 849
6114 851
6115 854
6116 853
6117 855
6118 854
6119 853
6120 853
6121 850
6122 851
6123 851
6124 850
6125 849
6126 852
6127 854
6128 854
6129 856
6130 857
6131 856
6132 853
6133 853
6134 852
6135 852
6136 850
6137 851
6138 850
6139 853
6140 851
6141 851
6142 853
6143 855
6144 854
6145 851
6146 851
6147 853
6148 852
6149 853
6150 854
6151 855
6152 855
6153 853
6154 854
6155 856
6156 853
6157 855
6158 852
6159 852
6160 852
6161 853
6162 854
6163 853
6164 856
6165 857
6166 856
6167 856
6168 856
6169 855
6170 854
6171 854
6172 855
6173 852
6174 853
6175 854
6176 856
6177 859
6178 863
6179 861
6180 859
6181 857
6182 856
6183 854
6184 854
6185 855
6186 855
6187 856
6188 858
6189 860
6190 861
6191 859
6192 857
6193 858
6194 856
6195 855
6196 854
6197 854
6198 855
6199 857
6200 859
6201 861
6202 860
6203 861
6204 860
6205 857
6206 856
6207 856
6208 856
6209 855
6210 856
6211 858
6212 858
6213 861
6214 863
6215 861
6216 858
6217 857
6218 857
6219 855
6220 856
6221 854
6222 856
6223 857
6224 857
6225 859
6226 862
6227 860
6228 858
6229 860
6230 857
6231 856
6232 856
6233 855
6234 855
6235 857
6236 857
6237 860
6238 861
6239 861
6240 861
6241 862
6242 864
6243 861
6244 862
6245 861
6246 860
6247 862
6248 863
6249 865
6250 866
6251 865
6252 866
6253 869
6254 871
6255 871
6256 872
6257 872
6258 875
6259 873
6260 875
6261 874
6262 871
6263 870
6264 868
6265 867
6266 867
6267 866
6268 863
6269 867
6270 864
6271 867
6272 872
6273 875
6274 879
6275 879
6276 878
6277 875
6278 870
6279 866
6280 862
6281 858
6282 856
6283 855
6284 856
6285 855
6286 855
6287 857
6288 857
6289 855
6290 853
6291 851
6292 850
6293 853
6294 852
6295 851
6296 852
6297 851
6298 851
6299 854
6300 861
6301 876
6302 892
6303 907
6304 919
6305 928
6306 933
6307 935
6308 929
6309 910
6310 885
6311 856
6312 835
6313 829
6314 846
6315 881
6316 926
6317 977
6318 1026
6319 1076
6320 1121
6321 1165
6322 1207
6323 1239
6324 1263
6325 1277
6326 1281
6327 1275
6328 1262
6329 1244
6330 1216
6331 1182
6332 1145
6333 1108
6334 1070
6335 1027
6336 983
6337 935
6338 890
6339 851
6340 827
6341 812
6342 803
6343 804
6344 809
6345 814
6346 818
6347 821
6348 823
6349 825
6350 828
6351 827
6352 828
6353 828
6354 830
6355 831
6356 830
6357 830
6358 831
6359 830
6360 829
6361 828
6362 827
6363 826
6364 825
6365 825
6366 827
6367 828
6368 831
6369 829
6370 829
6371 830
6372 829
6373 828
6374 827
6375 825
6376 824
6377 824
6378 824
6379 826
6380 827
6381 825
6382 824
6383 828
6384 826
6385 823
6386 821
6387 819
6388 822
6389 821
6390 821
6391 822
6392 823
6393 825
6394 828
6395 825
6396 824
6397 820
6398 816
6399 816
6400 815
6401 813
6402 812
6403 814
6404 815
6405 817
6406 816
6407 816
6408 813
6409 809
6410 810
6411 806
6412 805
6413 803
6414 804
6415 806
6416 803
6417 804
6418 803
6419 800
6420 802
6421 799
6422 799
6423 796
6424 796
6425 794
6426 798
6427 797
6428 796
6429 798
6430 801
6431 800
6432 799
6433 799
6434 798
6435 799
6436 801
6437 803
6438 807
6439 811
6440 815
6441 819
6442 821
6443 822
6444 825
6445 826
6446 829
6447 829
6448 829
6449 834
6450 839
6451 844
6452 849
6453 852
6454 856
6455 857
6456 859
6457 859
6458 860
6459 861
6460 860
6461 863
6462 866
6463 867
6464 871
6465 871
6466 870
6467 869
6468 866
6469 867
6470 864
6471 860
6472 859
6473 857
6474 856
6475 857
6476 859
6477 853
6478 852
6479 849
6480 849
6481 845
6482 841
6483 838
6484 835
6485 835
6486 833
6487 835
6488 831
6489 837
6490 834
6491 830
6492 831
6493 831
6494 828
6495 826
6496 824
6497 826
6498 827
6499 826
6500 828
6501 830
6502 831
6503 829
6504 829
6505 830
6506 828
6507 829
6508 827
6509 829
6510 831
6511 833
6512 836
6513 839
6514 838
6515 838
6516 838
6517 838
6518 835
6519 835
6520 835
6521 834
6522 835
6523 838
6524 840
6525 842
6526 843
6527 844
6528 841
6529 842
6530 841
6531 839
6532 839
6533 840
6534 841
6535 844
6536 843
6537 847
6538 847
6539 848
6540 846
6541 842
6542 843
6543 842
6544 843
6545 844
6546 843
6547 844
6548 847
6549 850
6550 848
6551 850
6552 851
6553 849
6554 847
6555 845
6556 843
6557 847
6558 846
6559 849
6560 852
6561 853
6562 851
6563 853
6564 851
6565 851
6566 851
6567 849
6568 847
6569 849
6570 848
6571 849
6572 849
6573 852
6574 853
6575 854
6576 852
6577 849
6578 848
6579 847
6580 849
6581 849
6582 848
6583 850
6584 850
6585 852
6586 851
6587 852
6588 848
6589 846
6590 848
6591 847
6592 847
6593 847
6594 847
6595 848
6596 850
6597 851
6598 851
6599 852
6600 851
6601 851
6602 851
6603 848
6604 846
6605 846
6606 847
6607 849
6608 851
6609 852
6610 854
6611 853
6612 850
6613 849
6614 850
6615 847
6616 848
6617 846
6618 848
6619 850
6620 852
6621 851
6622 856
6623 854
6624 853
6625 851
6626 850
6627 850
6628 849
6629 849
6630 849
6631 851
6632 850
6633 851
6634 853
6635 852
6636 853
6637 851
6638 850
6639 849
6640 850
6641 849
6642 849
6643 851
6644 852
6645 852
6646 853
6647 853
6648 854
6649 853
6650 851
6651 849
6652 847
6653 850
6654 850
6655 849
6656 851
6657 851
6658 854
6659 853
6660 852
6661 851
6662 849
6663 850
6664 850
6665 848
6666 851
6667 852
6668 851
6669 851
6670 854
6671 853
6672 853
6673 852
6674 853
6675 851
6676 852
6677 852
6678 851
6679 852
6680 855
6681 859
6682 859
6683 861
6684 857
6685 857
6686 856
6687 854
6688 857
6689 859
6690 862
6691 865
6692 865
6693 868
6694 868
6695 869
6696 868
6697 866
6698 863
6699 856
6700 856
6701 854
6702 857
6703 857
6704 857
6705 860
6706 858
6707 863
6708 865
6709 866
6710 865
6711 867
6712 864
6713 862
6714 860
6715 860
6716 857
6717 855
6718 853
6719 851
6720 847
6721 845
6722 847
6723 845
6724 845
6725 844
6726 845
6727 846
6728 848
6729 847
6730 846
6731 841
6732 840
6733 846
6734 854
6735 870
6736 890
6737 907
6738 923
6739 933
6740 933
6741 913
6742 884
6743 853
6744 833
6745 832
6746 856
6747 902
6748 957
6749 1016
6750 1075
6751 1131
6752 1179
6753 1220
6754 1252
6755 1270
6756 1274
6757 1264
6758 1246
6759 1215
6760 1173
6761 1124
6762 1069
6763 1019
6764 970
6765 922
6766 879
6767 843
6768 817
6769 800
6770 795
6771 797
6772 800
6773 806
6774 813
6775 819
6776 820
6777 826
6778 828
6779 827
6780 825
6781 825
6782 821
6783 824
6784 822
6785 823
6786 819
6787 822
6788 824
6789 827
6790 828
6791 828
6792 826
6793 826
6794 824
6795 823
6796 822
6797 821
6798 821
6799 820
6800 822
6801 825
6802 826
6803 825
6804 824
6805 824
6806 822
6807 819
6808 818
6809 817
6810 816
6811 817
6812 818
6813 816
6814 817
6815 818
6816 815
6817 813
6818 811
6819 809
6820 808
6821 807
6822 806
6823 809
6824 808
6825 806
6826 805
6827 805
6828 802
6829 801
6830 801
6831 800
6832 799
6833 798
6834 800
6835 797
6836 799
6837 798
6838 797
6839 797
6840 795
6841 795
6842 793
6843 789
6844 787
6845 788
6846 786
6847 787
6848 786
6849 787
6850 787
6851 787
6852 785
6853 788
6854 783
6855 782
6856 781
6857 783
6858 784
6859 787
6860 792
6861 795
6862 801
6863 802
6864 804
6865 804
6866 807
6867 807
6868 810
6869 812
6870 816
6871 818
6872 822
6873 828
6874 832
6875 836
6876 837
6877 836
6878 840
6879 841
6880 843
6881 846
6882 848
6883 853
6884 856
6885 858
6886 862
6887 864
6888 864
6889 865
6890 865
6891 861
6892 862
6893 861
6894 862
6895 863
6896 865
6897 864
6898 864
6899 863
6900 860
6901 858
6902 855
6903 851
6904 849
6905 849
6906 847
6907 847
6908 846
6909 845
6910 844
6911 843
6912 840
6913 837
6914 837
6915 836
6916 833
6917 833
6918 831
6919 833
6920 831
6921 832
6922 835
6923 834
6924 832
6925 833
6926 833
6927 830
6928 830
6929 831
6930 832
6931 832
6932 834
6933 836
6934 838
6935 835
6936 836
6937 835
6938 834
6939 832
6940 833
6941 836
6942 837
6943 841
6944 842
6945 845
6946 846
6947 844
6948 843
6949 840
6950 842
6951 842
6952 839
6953 841
6954 841
6955 842
6956 842
6957 843
6958 847
6959 847
6960 846
6961 843
6962 845
6963 844
6964 843
6965 845
6966 845
6967 846
6968 847
6969 849
6970 853
6971 852
6972 848
6973 847
6974 847
6975 844
6976 847
6977 848
6978 848
6979 849
6980 851
6981 852
6982 853
6983 852
6984 850
6985 848
6986 850
6987 851
6988 849
6989 849
6990 851
6991 853
6992 853
6993 855
6994 856
6995 856
6996 854
6997 854
6998 850
6999 849
7000 851
7001 850
7002 852
7003 854
7004 854
7005 856
7006 859
7007 858
7008 855
7009 856
7010 852
7011 851
7012 851
7013 852
7014 850
7015 851
7016 851
7017 854
7018 856
7019 854
7020 854
7021 854
7022 854
7023 853
7024 852
7025 850
7026 851
7027 852
7028 853
7029 856
7030 859
7031 858
7032 856
7033 853
7034 852
7035 851
7036 853
7037 853
7038 850
7039 853
7040 853
7041 855
7042 856
7043 856
7044 856
7045 853
7046 854
7047 850
7048 849
7049 849
7050 852
7051 855
7052 855
7053 857
7054 859
7055 856
7056 857
7057 853
7058 853
7059 852
7060 852
7061 852
7062 852
7063 856
7064 857
7065 855
7066 858
7067 860
7068 858
7069 856
7070 854
7071 853
7072 851
7073 848
7074 852
7075 853
7076 855
7077 855
7078 858
7079 856
7080 854
7081 855
7082 855
7083 854
7084 853
7085 852
7086 855
7087 855
7088 856
7089 856
7090 858
7091 857
7092 858
7093 857
7094 853
7095 852
7096 848
7097 848
7098 846
7099 848
7100 854
7101 856
7102 858
7103 859
7104 857
7105 854
7106 853
7107 852
7108 854
7109 852
7110 852
7111 851
7112 856
7113 859
7114 860
7115 860
7116 859
7117 858
7118 858
7119 857
7120 860
7121 858
7122 859
7123 858
7124 859
7125 858
7126 860
7127 861
7128 862
7129 866
7130 866
7131 865
7132 867
7133 867
7134 868
7135 867
7136 868
7137 868
7138 868
7139 868
7140 867
7141 862
7142 863
7143 861
7144 861
7145 860
7146 860
7147 866
7148 868
7149 871
7150 877
7151 877
7152 874
7153 870
7154 864
7155 861
7156 854
7157 851
7158 851
7159 854
7160 854
7161 855
7162 858
7163 857
7164 854
7165 853
7166 852
7167 853
7168 849
7169 849
7170 848
7171 847
7172 847
7173 850
7174 858
7175 870
7176 887
7177 904
7178 917
7179 926
7180 929
7181 929
7182 922
7183 901
7184 876
7185 852
7186 839
7187 841
7188 873
7189 915
7190 967
7191 1019
7192 1070
7193 1116
7194 1162
7195 1206
7196 1243
7197 1275
7198 1293
7199 1300
7200 1295
7201 1279
7202 1255
7203 1222
7204 1181
7205 1136
7206 1090
7207 1046
7208 1004
7209 960
7210 916
7211 872
7212 837
7213 813
7214 799
7215 796
7216 798
7217 803
7218 808
7219 814
7220 818
7221 825
7222 829
7223 830
7224 832
7225 831
7226 828
7227 827
7228 823
7229 823
7230 825
7231 825
7232 827
7233 829
7234 831
7235 830
7236 828
7237 828
7238 826
7239 824
7240 824
7241 824
7242 824
7243 825
7244 826
7245 828
7246 830
7247 828
7248 828
7249 825
7250 826
7251 824
7252 821
7253 820
7254 820
7255 821
7256 823
7257 822
7258 823
7259 823
7260 822
7261 822
7262 820
7263 817
7264 816
7265 814
7266 813
7267 815
7268 814
7269 815
7270 818
7271 817
7272 816
7273 814
7274 813
7275 809
7276 808
7277 806
7278 805
7279 806
7280 804
7281 803
7282 805
7283 805
7284 804
7285 803
7286 802
7287 801
7288 799
7289 796
7290 796
7291 796
7292 797
7293 798
7294 799
7295 796
7296 796
7297 795
7298 793
7299 790
7300 790
7301 791
7302 791
7303 794
7304 795
7305 798
7306 803
7307 805
7308 806
7309 807
7310 809
7311 811
7312 812
7313 814
7314 817
7315 821
7316 824
7317 828
7318 833
7319 837
7320 839
7321 839
7322 842
7323 843
7324 846
7325 848
7326 849
7327 853
7328 858
7329 861
7330 862
7331 864
7332 867
7333 868
7334 867
7335 864
7336 865
7337 865
7338 863
7339 863
7340 863
7341 863
7342 863
7343 863
7344 861
7345 858
7346 855
7347 853
7348 848
7349 844
7350 842
7351 842
7352 840
7353 841
7354 840
7355 841
7356 837
7357 836
7358 832
7359 828
7360 824
7361 826
7362 825
7363 825
7364 825
7365 826
7366 828
7367 827
7368 825
7369 824
7370 824
7371 823
7372 825
7373 822
7374 822
7375 826
7376 825
7377 828
7378 830
7379 832
7380 831
7381 829
7382 830
7383 832
7384 830
7385 832
7386 834
7387 833
7388 836
7389 839
7390 837
7391 837
7392 839
7393 839
7394 839
7395 838
7396 840
7397 840
7398 841
7399 841
7400 843
7401 843
7402 845
7403 845
7404 843
7405 843
7406 843
7407 841
7408 843
7409 841
7410 843
7411 844
7412 846
7413 846
7414 850
7415 848
7416 848
7417 847
7418 845
7419 845
7420 846
7421 842
7422 842
7423 846
7424 848
7425 847
7426 849
7427 850
7428 850
7429 848
7430 847
7431 846
7432 845
7433 846
7434 848
7435 850
7436 850
7437 850
7438 852
7439 850
7440 851
7441 847
7442 848
7443 847
7444 847
7445 847
7446 849
7447 850
7448 848
7449 848
7450 851
7451 852
7452 851
7453 850
7454 850
7455 848
7456 848
7457 847
7458 847
7459 851
7460 849
7461 850
7462 854
7463 851
7464 851
7465 852
7466 850
7467 849
7468 848
7469 847
7470 847
7471 848
7472 850
7473 852
7474 854
7475 854
7476 852
7477 851
7478 851
7479 850
7480 850
7481 849
7482 849
7483 850
7484 852
7485 852
7486 854
7487 854
7488 853
7489 852
7490 848
7491 849
7492 850
7493 848
7494 847
7495 849
7496 850
7497 852
7498 852
7499 853
7500 852
7501 851
7502 850
7503 849
7504 849
7505 848
7506 848
7507 852
7508 851
7509 851
7510 853
7511 853
7512 852
7513 852
7514 849
7515 848
7516 846
7517 847
7518 845
7519 848
7520 850
7521 852
7522 854
7523 853
7524 850
7525 850
7526 849
7527 849
7528 847
7529 848
7530 848
7531 850
7532 852
7533 852
7534 853
7535 853
7536 852
7537 849
7538 846
7539 845
7540 845
7541 846
7542 845
7543 848
7544 851
7545 854
7546 856
7547 854
7548 855
7549 852
7550 852
7551 853
7552 851
7553 848
7554 847
7555 851
7556 852
7557 854
7558 858
7559 858
7560 862
7561 862
7562 861
7563 861
7564 862
7565 863
7566 863
7567 864
7568 862
7569 864
7570 865
7571 862
7572 858
7573 857
7574 856
7575 856
7576 856
7577 855
7578 855
7579 859
7580 864
7581 868
7582 870
7583 869
7584 868
7585 864
7586 862
7587 859
7588 855
7589 849
7590 848
7591 848
7592 847
7593 847
7594 849
7595 848
7596 847
7597 847
7598 846
7599 847
7600 845
7601 845
7602 844
7603 842
7604 842
7605 841
7606 847
7607 856
7608 868
7609 886
7610 901
7611 916
7612 928
7613 934
7614 933
7615 920
7616 893
7617 862
7618 837
7619 824
7620 831
7621 860
7622 903
7623 951
7624 999
7625 1043
7626 1085
7627 1126
7628 1168
7629 1206
7630 1240
7631 1259
7632 1268
7633 1268
7634 1255
7635 1235
7636 1206
7637 1168
7638 1128
7639 1085
7640 1042
7641 1001
7642 958
7643 918
7644 874
7645 840
7646 817
7647 801
7648 796
7649 796
7650 798
7651 806
7652 809
7653 816
7654 820
7655 821
7656 825
7657 823
7658 826
7659 821
7660 823
7661 823
7662 823
7663 823
7664 825
7665 826
7666 827
7667 829
7668 828
7669 827
7670 826
7671 824
7672 824
7673 820
7674 822
7675 822
7676 822
7677 825
7678 826
7679 825
7680 824
7681 824
7682 822
7683 822
7684 820
7685 819
7686 818
7687 817
7688 818
7689 819
7690 821
7691 821
7692 818
7693 818
7694 817
7695 815
7696 813
7697 812
7698 813
7699 814
7700 815
7701 813
7702 813
7703 812
7704 812
7705 810
7706 808
7707 806
7708 805
7709 804
7710 805
7711 806
7712 806
7713 805
7714 807
7715 805
7716 803
7717 799
7718 798
7719 796
7720 792
7721 792
7722 791
7723 789
7724 789
7725 789
7726 790
7727 792
7728 789
7729 787
7730 783
7731 782
7732 781
7733 781
7734 781
7735 783
7736 787
7737 788
7738 789
7739 789
7740 791
7741 790
7742 792
7743 794
7744 795
7745 799
7746 801
7747 806
7748 810
7749 812
7750 816
7751 818
7752 820
7753 823
7754 828
7755 828
7756 834
7757 837
7758 838
7759 841
7760 846
7761 850
7762 855
7763 858
7764 860
7765 862
7766 862
7767 862
7768 864
7769 866
7770 864
7771 866
7772 865
7773 864
7774 867
7775 863
7776 864
7777 862
7778 859
7779 856
7780 855
7781 854
7782 852
7783 852
7784 849
7785 847
7786 848
7787 845
7788 845
7789 841
7790 837
7791 837
7792 834
7793 834
7794 835
7795 834
7796 835
7797 836
7798 837
7799 839
7800 835
7801 833
7802 832
7803 831
7804 832
7805 832
7806 831
7807 831
7808 835
7809 835
7810 837
7811 837
7812 836
7813 837
7814 837
7815 834
7816 836
7817 834
7818 832
7819 835
7820 838
7821 840
7822 843
7823 842
7824 840
7825 842
7826 841
7827 841
7828 842
7829 842
7830 843
7831 842
7832 846
7833 847
7834 848
7835 848
7836 846
7837 844
7838 846
7839 846
7840 844
7841 845
7842 845
7843 846
7844 848
7845 850
7846 850
7847 846
7848 848
7849 847
7850 844
7851 847
7852 847
7853 848
7854 848
7855 848
7856 850
7857 850
7858 851
7859 851
7860 852
7861 848
7862 848
7863 850
7864 849
7865 846
7866 846
7867 848
7868 848
7869 853
7870 855
7871 855
7872 853
7873 852
7874 850
7875 849
7876 849
7877 847
7878 846
7879 851
7880 851
7881 853
7882 857
7883 852
7884 853
7885 850
7886 850
7887 851
7888 849
7889 851
7890 852
7891 851
7892 853
7893 855
7894 857
7895 851
7896 852
7897 851
7898 850
7899 849
7900 850
7901 850
7902 851
7903 851
7904 855
7905 856
7906 856
7907 857
7908 856
7909 855
7910 854
7911 852
7912 852
7913 847
7914 849
7915 849
7916 851
7917 853
7918 854
7919 854
7920 855
7921 854
7922 851
7923 849
7924 850
7925 850
7926 848
7927 850
7928 851
7929 852
7930 855
7931 853
7932 853
7933 852
7934 851
7935 851
7936 852
7937 850
7938 850
7939 848
7940 851
7941 853
7942 855
7943 855
7944 854
7945 852
7946 848
7947 849
7948 848
7949 848
7950 849
7951 849
7952 853
7953 854
7954 855
7955 856
7956 853
7957 851
7958 851
7959 848
7960 847
7961 848
7962 847
7963 850
7964 851
7965 849
7966 851
7967 852
7968 851
7969 852
7970 850
7971 847
7972 848
7973 848
7974 848
7975 850
7976 851
7977 852
7978 856
7979 852
7980 850
7981 848
7982 847
7983 848
7984 847
7985 846
7986 847
7987 849
7988 849
7989 853
7990 855
7991 856
7992 855
7993 855
7994 854
7995 853
7996 854
7997 852
7998 850
7999 852
8000 855
8001 856
8002 861
8003 863
8004 863
8005 865
8006 863
8007 863
8008 862
8009 860
8010 859
8011 859
8012 859
8013 859
8014 860
8015 858
8016 858
8017 857
8018 854
8019 853
8020 856
8021 856
8022 859
8023 863
8024 865
8025 865
8026 866
8027 863
8028 860
8029 856
8030 852
8031 846
8032 841
8033 840
8034 840
8035 841
8036 843
8037 845
8038 847
8039 847
8040 846
8041 845
8042 845
8043 843
8044 841
8045 837
8046 836
8047 836
8048 845
8049 861
8050 878
8051 899
8052 914
8053 923
8054 928
8055 920
8056 899
8057 869
8058 842
8059 824
8060 830
8061 859
8062 905
8063 959
8064 1014
8065 1071
8066 1123
8067 1172
8068 1217
8069 1252
8070 1278
8071 1294
8072 1295
8073 1288
8074 1271
8075 1242
8076 1203
8077 1156
8078 1109
8079 1061
8080 1008
8081 960
8082 912
8083 869
8084 832
8085 807
8086 794
8087 789
8088 790
8089 792
8090 798
8091 801
8092 804
8093 807
8094 811
8095 817
8096 820
8097 823
8098 821
8099 823
8100 819
8101 817
8102 818
8103 815
8104 816
8105 815
8106 816
8107 815
8108 816
8109 818
8110 818
8111 820
8112 821
8113 817
8114 816
8115 815
8116 814
8117 811
8118 813
8119 812
8120 814
8121 813
8122 816
8123 816
8124 815
8125 815
8126 813
8127 813
8128 809
8129 810
8130 808
8131 809
8132 810
8133 814
8134 812
8135 811
8136 812
8137 810
8138 808
8139 802
8140 804
8141 800
8142 804
8143 803
8144 803
8145 803
8146 805
8147 804
8148 802
8149 800
8150 799
8151 797
8152 796
8153 795
8154 794
8155 792
8156 795
8157 795
8158 795
8159 795
8160 792
8161 793
8162 789
8163 787
8164 785
8165 784
8166 782
8167 783
8168 786
8169 785
8170 788
8171 788
8172 789
8173 788
8174 785
8175 785
8176 787
8177 789
8178 790
8179 791
8180 795
8181 797
8182 800
8183 803
8184 805
8185 806
8186 807
8187 809
8188 807
8189 810
8190 812
8191 818
8192 821
8193 826
8194 829
8195 835
8196 838
8197 839
8198 842
8199 843
8200 844
8201 844
8202 848
8203 850
8204 853
8205 855
8206 859
8207 858
8208 859
8209 858
8210 857
8211 856
8212 856
8213 855
8214 854
8215 854
8216 852
8217 854
8218 853
8219 849
8220 848
8221 845
8222 843
8223 839
8224 838
8225 836
8226 832
8227 829
8228 828
8229 831
8230 831
8231 829
8232 826
8233 822
8234 820
8235 817
8236 815
8237 816
8238 815
8239 815
8240 817
8241 818
8242 818
8243 819
8244 816
8245 817
8246 816
8247 815
8248 812
8249 813
8250 815
8251 816
8252 818
8253 819
8254 820
8255 822
8256 822
8257 821
8258 820
8259 819
8260 821
8261 821
8262 820
8263 823
8264 825
8265 825
8266 829
8267 832
8268 828
8269 829
8270 829
8271 828
8272 826
8273 827
8274 827
8275 828
8276 832
8277 833
8278 834
8279 836
8280 836
8281 833
8282 832
8283 832
8284 831
8285 831
8286 832
8287 832
8288 834
8289 834
8290 836
8291 840
8292 838
8293 839
8294 837
8295 834
8296 832
8297 831
8298 834
8299 836
8300 837
8301 839
8302 840
8303 837
8304 838
8305 838
8306 836
8307 835
8308 834
8309 836
8310 834
8311 836
8312 837
8313 839
8314 842
8315 842
8316 844
8317 842
8318 840
8319 841
8320 835
8321 835
8322 834
8323 833
8324 836
8325 839
8326 842
8327 842
8328 843
8329 842
8330 839
8331 838
8332 837
8333 837
8334 834
8335 836
8336 838
8337 838
8338 842
8339 842
8340 844
8341 839
8342 841
8343 840
8344 836
8345 834
8346 838
8347 836
8348 839
8349 839
8350 840
8351 842
8352 842
8353 842
8354 842
8355 841
8356 838
8357 838
8358 837
8359 837
8360 838
8361 840
8362 840
8363 842
8364 842
8365 841
8366 841
8367 840
8368 838
8369 838
8370 838
8371 838
8372 840
8373 839
8374 842
8375 839
8376 838
8377 835
8378 834
8379 834
8380 835
8381 835
8382 837
8383 837
8384 840
8385 842
8386 841
8387 841
8388 841
8389 839
8390 837
8391 838
8392 837
8393 836
8394 836
8395 835
8396 837
8397 838
8398 841
8399 840
8400 840
8401 840
8402 839
8403 837
8404 835
8405 837
8406 835
8407 837
8408 837
8409 838
8410 839
8411 840
8412 840
8413 841
8414 843
8415 840
8416 839
8417 838
8418 839
8419 843
8420 842
8421 846
8422 847
8423 848
8424 849
8425 847
8426 846
8427 844
8428 843
8429 842
8430 842
8431 845
8432 852
8433 854
8434 856
8435 858
8436 858
8437 858
8438 856
8439 854
8440 848
8441 846
8442 845
8443 844
8444 844
8445 844
8446 847
8447 848
8448 850
8449 853
8450 854
8451 855
8452 854
8453 850
8454 851
8455 851
8456 848
8457 844
8458 845
8459 842
8460 840
8461 837
8462 838
8463 834
8464 832
8465 835
8466 834
8467 833
8468 835
8469 838
8470 839
8471 840
8472 835
8473 833
8474 831
8475 829
8476 837
8477 851
8478 870
8479 892
8480 910
8481 925
8482 930
8483 922
8484 898
8485 859
8486 823
8487 800
8488 803
8489 832
8490 881
8491 940
8492 1004
8493 1063
8494 1117
8495 1166
8496 1205
8497 1237
8498 1253
8499 1262
8500 1256
8501 1242
8502 1220
8503 1191
8504 1155
8505 1111
8506 1071
8507 1033
8508 990
8509 947
8510 903
8511 862
8512 828
8513 804
8514 786
8515 783
8516 783
8517 789
8518 799
8519 804
8520 806
8521 811
8522 813
8523 815
8524 814
8525 819
8526 818
8527 817
8528 817
8529 819
8530 819
8531 819
8532 817
8533 815
8534 816
8535 817
8536 816
8537 816
8538 814
8539 816
8540 817
8541 819
8542 820
8543 820
8544 820
8545 815
8546 815
8547 814
8548 814
8549 813
8550 813
8551 816
8552 817
8553 816
8554 817
8555 819
8556 816
8557 814
8558 813
8559 812
8560 811
8561 811
8562 809
8563 810
8564 807
8565 808
8566 809
8567 809
8568 807
8569 806
8570 805
8571 805
8572 802
8573 800
8574 801
8575 802
8576 802
8577 800
8578 802
8579 802
8580 799
8581 799
8582 795
8583 796
8584 792
8585 789
8586 790
8587 790
8588 790
8589 792
8590 791
8591 789
8592 786
8593 786
8594 782
8595 780
8596 780
8597 777
8598 777
8599 777
8600 780
8601 779
8602 782
8603 780
8604 783
8605 783
8606 779
8607 780
8608 779
8609 782
8610 783
8611 787
8612 789
8613 792
8614 796
8615 796
8616 801
8617 801
8618 804
8619 806
8620 808
8621 807
8622 814
8623 819
8624 826
8625 828
8626 831
8627 837
8628 839
8629 839
8630 844
8631 843
8632 844
8633 848
8634 845
8635 852
8636 855
8637 857
8638 861
8639 862
8640 858
8641 858
8642 855
8643 857
8644 857
8645 857
8646 854
8647 854
8648 855
8649 855
8650 854
8651 855
8652 852
8653 848
8654 845
8655 843
8656 840
8657 835
8658 837
8659 837
8660 838
8661 835
8662 836
8663 838
8664 835
8665 834
8666 831
8667 829
8668 828
8669 827
8670 828
8671 829
8672 828
8673 831
8674 834
8675 834
8676 835
8677 835
8678 833
8679 832
8680 831
8681 830
8682 832
8683 835
8684 837
8685 837
8686 837
8687 839
8688 839
8689 839
8690 838
8691 837
8692 835
8693 835
8694 836
8695 835
8696 838
8697 839
8698 843
8699 845
8700 843
8701 844
8702 842
8703 842
8704 842
8705 841
8706 842
8707 842
8708 843
8709 846
8710 848
8711 847
8712 848
8713 844
8714 844
8715 845
8716 844
8717 844
8718 845
8719 844
8720 847
8721 849
8722 849
8723 851
8724 851
8725 850
8726 848
8727 847
8728 846
8729 846
8730 846
8731 846
8732 846
8733 850
8734 849
8735 848
8736 851
8737 851
8738 847
8739 846
8740 845
8741 845
8742 845
8743 847
8744 849
8745 850
8746 850
8747 852
8748 850
8749 849
8750 847
8751 847
8752 846
8753 846
8754 847
8755 847
8756 846
8757 849
8758 851
8759 853
8760 851
8761 849
8762 847
8763 849
8764 847
8765 846
8766 845
8767 846
8768 849
8769 848
8770 849
8771 849
8772 851
8773 850
8774 848
8775 849
8776 849
8777 847
8778 847
8779 846
8780 849
8781 851
8782 852
8783 853
8784 850
8785 852
8786 853
8787 849
8788 847
8789 849
8790 850
8791 852
8792 853
8793 854
8794 854
8795 853
8796 852
8797 853
8798 852
8799 851
8800 849
8801 848
8802 850
8803 849
8804 850
8805 850
8806 855
8807 856
8808 855
8809 851
8810 851
8811 851
8812 850
8813 849
8814 849
8815 849
8816 848
8817 851
8818 851
8819 851
8820 851
8821 849
8822 850
8823 846
8824 849
8825 850
8826 847
8827 849
8828 849
8829 849
8830 852
8831 853
8832 852
8833 853
8834 851
8835 849
8836 849
8837 850
8838 850
8839 850
8840 853
8841 855
8842 855
8843 854
8844 856
8845 853
8846 853
8847 854
8848 853
8849 852
8850 853
8851 855
8852 857
8853 858
8854 860
8855 863
8856 861
8857 860
8858 858
8859 858
8860 856
8861 856
8862 858
8863 859
8864 864
8865 869
8866 872
8867 873
8868 872
8869 870
8870 869
8871 867
8872 864
8873 862
8874 860
8875 861
8876 863
8877 863
8878 864
8879 862
8880 862
8881 861
8882 863
8883 864
8884 865
8885 868
8886 872
8887 874
8888 873
8889 872
8890 872
8891 872
8892 865
8893 862
8894 855
8895 852
8896 848
8897 848
8898 847
8899 850
8900 851
8901 850
8902 852
8903 856
8904 853
8905 853
8906 852
8907 849
8908 846
8909 845
8910 843
8911 845
8912 857
8913 876
8914 893
8915 914
8916 927
8917 933
8918 934
8919 921
8920 897
8921 866
8922 842
8923 831
8924 844
8925 881
8926 929
8927 984
8928 1038
8929 1092
8930 1141
8931 1186
8932 1229
8933 1266
8934 1294
8935 1310
8936 1313
8937 1308
8938 1294
8939 1267
8940 1233
8941 1188
8942 1141
8943 1095
8944 1051
8945 1007
8946 963
8947 920
8948 878
8949 844
8950 821
8951 805
8952 798
8953 797
8954 799
8955 802
8956 803
8957 808
8958 812
8959 815
8960 821
8961 825
8962 830
8963 830
8964 831
8965 829
8966 828
8967 826
8968 821
8969 823
8970 823
8971 825
8972 826
8973 826
8974 828
8975 830
8976 826
8977 827
8978 828
8979 826
8980 824
8981 823
8982 823
8983 822
8984 825
8985 825
8986 826
8987 827
8988 825
8989 823
8990 822
8991 819
8992 822
8993 820
8994 820
8995 822
8996 822
8997 821
8998 823
8999 822
9000 822
9001 822
9002 819
9003 818
9004 817
9005 815
9006 814
9007 815
9008 815
9009 816
9010 817
9011 817
9012 815
9013 813
9014 811
9015 807
9016 804
9017 803
9018 802
9019 806
9020 802
9021 806
9022 805
9023 805
9024 804
9025 803
9026 800
9027 799
9028 796
9029 797
9030 794
9031 794
9032 794
9033 795
9034 798
9035 797
9036 796
9037 799
9038 796
9039 797
9040 793
9041 792
9042 794
9043 799
9044 800
9045 804
9046 807
9047 810
9048 811
9049 814
9050 817
9051 818
9052 818
9053 823
9054 827
9055 830
9056 836
9057 839
9058 845
9059 849
9060 850
9061 854
9062 856
9063 859
9064 859
9065 858
9066 863
9067 866
9068 868
9069 870
9070 872
9071 873
9072 872
9073 872
9074 870
9075 867
9076 862
9077 862
9078 860
9079 858
9080 859
9081 857
9082 855
9083 852
9084 847
9085 848
9086 843
9087 840
9088 837
9089 834
9090 830
9091 832
9092 828
9093 832
9094 831
9095 829
9096 828
9097 828
9098 828
9099 826
9100 822
9101 824
9102 823
9103 824
9104 824
9105 825
9106 829
9107 828
9108 831
9109 832
9110 830
9111 826
9112 827
9113 827
9114 828
9115 828
9116 831
9117 832
9118 833
9119 837
9120 835
9121 838
9122 837
9123 834
9124 836
9125 834
9126 836
9127 836
9128 837
9129 842
9130 843
9131 847
9132 845
9133 843
9134 844
9135 842
9136 839
9137 841
9138 841
9139 841
9140 843
9141 843
9142 846
9143 846
9144 848
9145 847
9146 846
9147 845
9148 843
9149 842
9150 843
9151 845
9152 846
9153 847
9154 848
9155 849
9156 850
9157 849
9158 847
9159 846
9160 844
9161 841
9162 845
9163 843
9164 847
9165 849
9166 852
9167 849
9168 849
9169 850
9170 849
9171 848
9172 845
9173 846
9174 846
9175 846
9176 848
9177 850
9178 854
9179 851
9180 850
9181 850
9182 848
9183 851
9184 847
9185 845
9186 846
9187 846
9188 848
9189 851
9190 851
9191 851
9192 850
9193 851
9194 850
9195 849
9196 847
9197 848
9198 846
9199 845
9200 846
9201 850
9202 853
9203 856
9204 853
9205 855
9206 853
9207 851
9208 850
9209 849
9210 847
9211 850
9212 850
9213 850
9214 849
9215 851
9216 851
9217 854
9218 853
9219 846
9220 850
9221 847
9222 848
9223 850
9224 852
9225 854
9226 854
9227 854
9228 853
9229 853
9230 851
9231 850
9232 846
9233 849
9234 846
9235 848
9236 849
9237 849
9238 851
9239 852
9240 855
9241 853
9242 852
9243 850
9244 847
9245 850
9246 848
9247 850
9248 849
9249 851
9250 854
9251 854
9252 855
9253 855
9254 854
9255 852
9256 851
9257 848
9258 850
9259 851
9260 851
9261 852
9262 854
9263 855
9264 855
9265 855
9266 855
9267 853
9268 852
9269 847
9270 848
9271 848
9272 850
9273 853
9274 855
9275 856
9276 857
9277 856
9278 857
9279 858
9280 856
9281 853
9282 853
9283 855
9284 856
9285 860
9286 863
9287 867
9288 868
9289 869
9290 869
9291 867
9292 867
9293 866
9294 863
9295 862
9296 861
9297 862
9298 862
9299 865
9300 863
9301 864
9302 864
9303 865
9304 867
9305 867
9306 867
9307 870
9308 870
9309 869
9310 867
9311 866
9312 862
9313 859
9314 857
9315 854
9316 851
9317 849
9318 850
9319 850
9320 850
9321 852
9322 854
9323 853
9324 855
9325 853
9326 855
9327 851
9328 850
9329 846
9330 844
9331 844
9332 846
9333 856
9334 871
9335 893
9336 914
9337 931
9338 942
9339 944
9340 938
9341 912
9342 878
9343 842
9344 824
9345 834
9346 875
9347 937
9348 1008
9349 1077
9350 1138
9351 1187
9352 1223
9353 1249
9354 1265
9355 1270
9356 1264
9357 1250
9358 1229
9359 1198
9360 1158
9361 1116
9362 1064
9363 1021
9364 973
9365 930
9366 888
9367 849
9368 823
9369 809
9370 801
9371 805
9372 810
9373 813
9374 817
9375 822
9376 826
9377 828
9378 829
9379 831
9380 831
9381 836
9382 836
9383 836
9384 834
9385 834
9386 835
9387 835
9388 833
9389 832
9390 834
9391 831
9392 835
9393 834
9394 835
9395 837
9396 836
9397 835
9398 834
9399 832
9400 830
9401 828
9402 828
9403 830
9404 830
9405 830
9406 834
9407 832
9408 833
9409 828
9410 828
9411 827
9412 827
9413 825
9414 824
9415 824
9416 825
9417 828
9418 827
9419 826
9420 822
9421 825
9422 823
9423 821
9424 818
9425 818
9426 818
9427 818
9428 818
9429 819
9430 818
9431 818
9432 816
9433 815
9434 814
9435 811
9436 810
9437 809
9438 807
9439 806
9440 807
9441 806
9442 805
9443 803
9444 804
9445 803
9446 802
9447 798
9448 795
9449 796
9450 797
9451 796
9452 795
9453 797
9454 798
9455 799
9456 797
9457 796
9458 796
9459 794
9460 795
9461 796
9462 797
9463 799
9464 801
9465 804
9466 805
9467 809
9468 810
9469 811
9470 812
9471 810
9472 811
9473 815
9474 817
9475 822
9476 830
9477 832
9478 835
9479 840
9480 841
9481 844
9482 848
9483 849
9484 851
9485 852
9486 853
9487 860
9488 862
9489 867
9490 868
9491 872
9492 874
9493 874
9494 875
9495 872
9496 873
9497 869
9498 871
9499 872
9500 872
9501 872
9502 871
9503 871
9504 870
9505 869
9506 865
9507 864
9508 860
9509 857
9510 853
9511 855
9512 854
9513 854
9514 851
9515 850
9516 851
9517 849
9518 847
9519 846
9520 844
9521 842
9522 844
9523 846
9524 846
9525 848
9526 848
9527 848
9528 846
9529 844
9530 843
9531 843
9532 842
9533 844
9534 840
9535 843
9536 845
9537 849
9538 852
9539 854
9540 852
9541 849
9542 846
9543 847
9544 847
9545 849
9546 850
9547 850
9548 852
9549 854
9550 856
9551 858
9552 855
9553 856
9554 855
9555 854
9556 854
9557 854
9558 855
9559 856
9560 856
9561 860
9562 859
9563 860
9564 860
9565 860
9566 858
9567 860
9568 855
9569 855
9570 855
9571 856
9572 858
9573 859
9574 860
9575 858
9576 858
9577 860
9578 858
9579 855
9580 854
9581 857
9582 855
9583 856
9584 859
9585 859
9586 861
9587 862
9588 861
9589 862
9590 859
9591 856
9592 855
9593 854
9594 856
9595 857
9596 860
9597 861
9598 862
9599 863
9600 863
9601 864
9602 862
9603 858
9604 858
9605 854
9606 856
9607 855
9608 860
9609 859
9610 861
9611 862
9612 863
9613 863
9614 862
9615 860
9616 858
9617 859
9618 858
9619 858
9620 859
9621 861
9622 863
9623 863
9624 863
9625 862
9626 861
9627 859
9628 858
9629 858
9630 857
9631 858
9632 859
9633 860
9634 861
9635 864
9636 863
9637 864
9638 859
9639 860
9640 858
9641 857
9642 857
9643 859
9644 860
9645 861
9646 861
9647 862
9648 860
9649 861
9650 862
9651 862
9652 859
9653 859
9654 858
9655 859
9656 859
9657 859
9658 862
9659 862
9660 861
9661 861
9662 860
9663 859
9664 857
9665 859
9666 860
9667 862
9668 861
9669 860
9670 861
9671 865
9672 863
9673 862
9674 863
9675 862
9676 861
9677 860
9678 859
9679 859
9680 862
9681 862
9682 862
9683 864
9684 864
9685 862
9686 861
9687 859
9688 860
9689 860
9690 861
9691 860
9692 859
9693 860
9694 860
9695 861
9696 861
9697 863
9698 863
9699 859
9700 859
9701 857
9702 857
9703 860
9704 863
9705 862
9706 862
9707 866
9708 865
9709 864
9710 861
9711 860
9712 859
9713 861
9714 861
9715 862
9716 864
9717 868
9718 870
9719 871
9720 872
9721 866
9722 866
9723 866
9724 867
9725 868
9726 868
9727 872
9728 874
9729 877
9730 879
9731 878
9732 878
9733 874
9734 872
9735 869
9736 868
9737 867
9738 864
9739 868
9740 869
9741 870
9742 872
9743 877
9744 880
9745 882
9746 886
9747 883
9748 880
9749 877
9750 869
9751 868
9752 866
9753 863
9754 862
9755 861
9756 861
9757 861
9758 859
9759 857
9760 858
9761 856
9762 858
9763 858
9764 858
9765 859
9766 859
9767 857
9768 856
9769 853
9770 855
9771 861
9772 875
9773 892
9774 910
9775 925
9776 938
9777 942
9778 937
9779 920
9780 891
9781 864
9782 850
9783 862
9784 899
9785 958
9786 1027
9787 1098
9788 1167
9789 1230
9790 1278
9791 1312
9792 1327
9793 1326
9794 1312
9795 1290
9796 1254
9797 1210
9798 1161
9799 1112
9800 1064
9801 1020
9802 975
9803 928
9804 886
9805 850
9806 822
9807 804
9808 798
9809 798
9810 800
9811 803
9812 810
9813 817
9814 822
9815 829
9816 830
9817 830
9818 832
9819 831
9820 833
9821 832
9822 830
9823 828
9824 829
9825 830
9826 832
9827 833
9828 832
9829 829
9830 831
9831 829
9832 830
9833 829
9834 829
9835 829
9836 831
9837 831
9838 831
9839 832
9840 834
9841 831
9842 831
9843 830
9844 830
9845 827
9846 829
9847 830
9848 829
9849 828
9850 829
9851 830
9852 827
9853 828
9854 826
9855 824
9856 822
9857 822
9858 822
9859 821
9860 822
9861 822
9862 822
9863 821
9864 823
9865 821
9866 818
9867 818
9868 815
9869 814
9870 814
9871 813
9872 812
9873 812
9874 814
9875 813
9876 811
9877 810
9878 808
9879 806
9880 805
9881 801
9882 803
9883 803
9884 803
9885 803
9886 805
9887 803
9888 803
9889 802
9890 802
9891 798
9892 796
9893 796
9894 797
9895 798
9896 799
9897 801
9898 803
9899 805
9900 806
9901 807
9902 805
9903 806
9904 807
9905 810
9906 812
9907 815
9908 820
9909 824
9910 829
9911 833
9912 832
9913 833
9914 837
9915 839
9916 839
9917 839
9918 844
9919 850
9920 854
9921 855
9922 859
9923 864
9924 862
9925 863
9926 864
9927 864
9928 865
9929 868
9930 868
9931 865
9932 867
9933 872
9934 873
9935 873
9936 870
9937 867
9938 864
9939 860
9940 855
9941 852
9942 850
9943 847
9944 847
9945 848
9946 843
9947 841
9948 840
9949 838
9950 837
9951 834
9952 830
9953 827
9954 827
9955 826
9956 827
9957 827
9958 827
9959 827
9960 827
9961 823
9962 825
9963 823
9964 824
9965 825
9966 827
9967 827
9968 829
9969 830
9970 831
9971 832
9972 833
9973 833
9974 834
9975 834
9976 833
9977 831
9978 832
9979 836
9980 838
9981 838
9982 839
9983 841
9984 841
9985 842
9986 842
9987 841
9988 839
9989 838
9990 837
9991 841
9992 844
9993 847
9994 846
9995 848
9996 849
9997 849
9998 846
9999 844
